3.600000000000000000e+01
3.618821412109517865e+01
3.637668093979246464e+01
3.656540046811399236e+01
3.675437272615928208e+01
3.694359774219903869e+01
3.713307555280655237e+01
3.732280620302639562e+01
3.751278974658031018e+01
3.770302624611034759e+01
3.789351577345889410e+01
3.808425840998540224e+01
3.827525424691977207e+01
3.846650338575202710e+01
3.865800593865795776e+01
3.884976202896062603e+01
3.904177179162723377e+01
3.923403537380116290e+01
3.942655293536872563e+01
3.961932464956031907e+01
3.981235070358540895e+01
4.000563129930122841e+01
4.019916665391430399e+01
4.039295700071478734e+01
4.058700258984271869e+01
4.078130368908573899e+01
4.097586058470803749e+01
4.117067358230945473e+01
4.136574300771455626e+01
4.156106920789076042e+01
4.175665255189502290e+01
4.195249343184836022e+01
4.214859226393750191e+01
4.234494948944301029e+01
4.254156557579288034e+01
4.273844101764115067e+01
4.293557633797059481e+01
4.313297208921845538e+01
4.333062885442471668e+01
4.352854724840172196e+01
4.372672791892433963e+01
4.392517154793976886e+01
4.412387885279581212e+01
4.432285058748681905e+01
4.452208754391604373e+01
4.472159055317352738e+01
4.492136048682812088e+01
4.512139825823271622e+01
4.532170482384132271e+01
4.552228118453690797e+01
4.572312838696838355e+01
4.592424752489582573e+01
4.612563974054216231e+01
4.632730622595013159e+01
4.652924822434280827e+01
4.673146703148655945e+01
4.693396399705412847e+01
4.713674052598692299e+01
4.733979807985432586e+01
4.754313817820843013e+01
4.774676239993220861e+01
4.795067238457926351e+01
4.815486983370330165e+01
4.835935651217491937e+01
4.856413424948385682e+01
4.876920494102441950e+01
4.897457054936150200e+01
4.918023310547521021e+01
4.938619470998131078e+01
4.959245753432493586e+01
4.979902382194492816e+01
5.000589588940611918e+01
5.021307612749636462e+01
5.042056700228575039e+01
5.062837105614448774e+01
5.083649090871668363e+01
5.104492925784619928e+01
5.125368888045167637e+01
5.146277263334688712e+01
5.167218345400276291e+01
5.188192436124764129e+01
5.209199845590131872e+01
5.230240892133959107e+01
5.251315902398459201e+01
5.272425211371710674e+01
5.293569162420636331e+01
5.314748107315298142e+01
5.335962406244046718e+01
5.357212427819080602e+01
5.378498549071914425e+01
5.399821155438316822e+01
5.421180640732200828e+01
5.442577407107982168e+01
5.464011865010919422e+01
5.485484433114903169e+01
5.506995538247222299e+01
5.528545615299771043e+01
5.550135107126184408e+01
5.571764464424422414e+01
5.593434145604267371e+01
5.615144616639227593e+01
5.636896350902378572e+01
5.658689828985639281e+01
5.680525538501991178e+01
5.702403973870202947e+01
5.724325636081599100e+01
5.746291032448456804e+01
5.768300676333593202e+01
5.790355086860812861e+01
5.812454788605813860e+01
5.834600311267256245e+01
5.856792189317712882e+01
5.879030961634224894e+01
5.901317171108293280e+01
5.923651364235118422e+01
5.946034090681993689e+01
5.968465902835792747e+01
5.990947355329547719e+01
6.013479004548185003e+01
6.036061408113548055e+01
6.058695124348896144e+01
6.081380711723156907e+01
6.104118728275260253e+01
6.126909731018990612e+01
6.149754275328860587e+01
6.172652914307575855e+01
6.195606198135791232e+01
6.218614673404899662e+01
6.241678882433726727e+01
6.264799362570053631e+01
6.287976645478032367e+01
6.311211256412602211e+01
6.334503713482136789e+01
6.357854526900655401e+01
6.381264198230968532e+01
6.404733219620273132e+01
6.428262073029782186e+01
6.451851229460010018e+01
6.475501148173520960e+01
6.499212275916855219e+01
6.522985046143604393e+01
6.546819878240505375e+01
6.570717176758577693e+01
6.594677330651336433e+01
6.618700712522142737e+01
6.642787677882817832e+01
6.666938564425618097e+01
6.691153691310751128e+01
6.715433358471481995e+01
6.739777845939065060e+01
6.764187413189489462e+01
6.788662298514186944e+01
6.813202718416664538e+01
6.837808867037078642e+01
6.862480915606606402e+01
6.887219011933436263e+01
6.912023279922142649e+01
6.936893819128040661e+01
6.961830704348044208e+01
6.986833985249411683e+01
7.011903686037730665e+01
7.037039805165152018e+01
7.062242315079961941e+01
7.087511162018307687e+01
7.112846265838740578e+01
7.138247519900134819e+01
7.163714790983343050e+01
7.189247919256757768e+01
7.214846718285868121e+01
7.240510975086615986e+01
7.266240450222321101e+01
7.292034877943670779e+01
7.317893966371163117e+01
7.343817397719270446e+01
7.369804828561339605e+01
7.395855890134234301e+01
7.421970188681464720e+01
7.448147305833516896e+01
7.474386799023926642e+01
7.500688201939540534e+01
7.527051025003315488e+01
7.553474755887933156e+01
7.579958860058387415e+01
7.606502781341667685e+01
7.633105942521629572e+01
7.659767745957009311e+01
7.686487574220620900e+01
7.713264790757672529e+01
7.740098740561128920e+01
7.766988750862120128e+01
7.793934131833309209e+01
7.820934177303205104e+01
7.847988165479421241e+01
7.875095359678944362e+01
7.902255009063456725e+01
7.929466349377872803e+01
7.956728603690282853e+01
7.984040983131544067e+01
8.011402687632875086e+01
8.038812906659825330e+01
8.066270819941135528e+01
8.093775598190993037e+01
8.121326403823431406e+01
8.148922391657460196e+01
8.176562709611911828e+01
8.204246499388777636e+01
8.231972897144105161e+01
8.259741034145521610e+01
8.287550037415574877e+01
8.315399030360113386e+01
8.343287133381099352e+01
8.371213464473250099e+01
8.399177139804019987e+01
8.427177274276535002e+01
8.455212982075101991e+01
8.483283377193056651e+01
8.511387573942751317e+01
8.539524687447504903e+01
8.567693834115502227e+01
8.595894132095622808e+01
8.624124701715156505e+01
8.652384665899624849e+01
8.680673150574752128e+01
8.708989285050775209e+01
8.737332202389374913e+01
8.765701039753417945e+01
8.794094938739816314e+01
8.822513045695852441e+01
8.850954512019283982e+01
8.879418494442595033e+01
8.907904155301810079e+01
8.936410662790252957e+01
8.964937191197650179e+01
8.993482921135087338e+01
9.022047039746151142e+01
9.050628740904809888e+01
9.079227225400396151e+01
9.107841701110234567e+01
9.136471383160278492e+01
9.165115494074308344e+01
9.193773263912079585e+01
9.222443930396879352e+01
9.251126739032997648e+01
9.279820943213456985e+01
9.308525804318522034e+01
9.337240591805387169e+01
9.365964583289425605e+01
9.394697064617456306e+01
9.423437329933405238e+01
9.452184681736741823e+01
9.480938430934095607e+01
9.509697896884361512e+01
9.538462407437717161e+01
9.567231298968837905e+01
9.596003916404663414e+01
9.624779613247015675e+01
9.653557751590408031e+01
9.682337702135262703e+01
9.711118844196916200e+01
9.739900565710586022e+01
9.768682263232599894e+01
9.797463341938126291e+01
9.826243215615620841e+01
9.855021306658227331e+01
9.883797046052302449e+01
9.912569873363311501e+01
9.941339236719237249e+01
9.970104592791678044e+01
9.998865406774841347e+01
1.002762115236250509e+02
1.005637131172319272e+02
1.008511537547359183e+02
1.011385284265040667e+02
1.014258322068074136e+02
1.017130602535113866e+02
1.020002078077530712e+02
1.022872701936071422e+02
1.025742428177408812e+02
1.028611211690587197e+02
1.031479008183376607e+02
1.034345774178538022e+02
1.037211467010003929e+02
1.040076044818983831e+02
1.042939466549995302e+02
1.045801691946825684e+02
1.048662681548430839e+02
1.051522396684766676e+02
1.054380799472564547e+02
1.057237852811047958e+02
1.060093520377592995e+02
1.062947766623334473e+02
1.065800556768718934e+02
1.068651856799005344e+02
1.071501633459713787e+02
1.074349854252023277e+02
1.077196487428118417e+02
1.080041501986483183e+02
1.082884867667146267e+02
1.085726554946871119e+02
1.088566535034297118e+02
1.091404779865023755e+02
1.094241262096644647e+02
1.097075955103725420e+02
1.099908832972726316e+02
1.102739870496867809e+02
1.105569043170941086e+02
1.108396327186058841e+02
1.111221699424345672e+02
1.114045137453571783e+02
1.116866619521723436e+02
1.119686124551512023e+02
1.122503632134820464e+02
1.125319122527085653e+02
1.128132576641619806e+02
1.130943976043862733e+02
1.133753302945571875e+02
1.136560540198945546e+02
1.139365671290682229e+02
1.142168680335968958e+02
1.144969552072408732e+02
