1.600000000000000000e+01
1.618838262191781752e+01
1.637735540940612466e+01
1.656691977291412599e+01
1.675707806143884682e+01
1.694783355987370399e+01
1.713919048524828526e+01
1.733115398181161737e+01
1.752373011489780197e+01
1.771692586349957210e+01
1.791074911146304416e+01
1.810520863720442009e+01
1.830031410183769935e+01
1.849607603559178060e+01
1.869250582238474578e+01
1.888961568241441924e+01
1.908741865261593063e+01
1.928592856483084361e+01
1.948516002152706861e+01
1.968512836890601037e+01
1.988584966723221470e+01
2.008734065822217474e+01
2.028961872933319910e+01
2.049270187480008332e+01
2.069660865327756483e+01
2.090135814196043285e+01
2.110696988707046984e+01
2.131346385062101589e+01
2.152086035339528536e+01
2.172918001410468847e+01
2.193844368472725037e+01
2.214867238206472422e+01
2.235988721559953163e+01
2.257210931177865021e+01
2.278535973490188127e+01
2.299965940484425886e+01
2.321502901189767698e+01
2.343148892907338166e+01
2.364905912226418394e+01
2.386775905872210046e+01
2.408760761436213471e+01
2.430862298045525094e+01
2.453082257032160385e+01
2.475422292667750312e+01
2.497883963032484900e+01
2.520468721089937958e+01
2.543177906041122327e+01
2.566012735031894465e+01
2.588974295287362182e+01
2.612063536745354853e+01
2.635281265258124606e+01
2.658628136427375566e+01
2.682104650132395207e+01
2.705711145804590956e+01
2.729447798494277677e+01
2.753314615767110496e+01
2.777311435458400268e+01
2.801437924303812110e+01
2.825693577454805094e+01
2.850077718876924138e+01
2.874589502618803749e+01
2.899227914929820216e+01
2.923991777194851593e+01
2.948879749645808701e+01
2.973890335801655027e+01
2.999021887581642076e+01
3.024272611030614044e+01
3.049640572590525878e+01
3.075123705848799105e+01
3.100719818691887042e+01
3.126426600791337052e+01
3.152241631349727768e+01
3.178162387035018099e+01
3.204186250034002370e+01
3.230310516158578338e+01
3.256532402942296045e+01
3.282849057669062631e+01
3.309257565280699964e+01
3.335754956115325598e+01
3.362338213433917389e+01
3.389004280698001281e+01
3.415750068566930508e+01
3.442572461588683552e+01
3.469468324563391093e+01
3.496434508563765320e+01
3.523467856601417481e+01
3.550565208932323458e+01
3.577723407998758631e+01
3.604939303008617912e+01
3.632209754156198755e+01
3.659531636491386308e+01
3.686901843446551652e+01
3.714317290032501973e+01
3.741774915716541727e+01
3.769271686996980719e+01
3.796804599689501458e+01
3.824370680941542844e+01
3.851966990991303419e+01
3.879590624688311351e+01
3.907238712792499058e+01
3.934908423068672789e+01
3.962596961192974732e+01
3.990301571487590593e+01
4.018019537499451843e+01
4.045748182438124729e+01
4.073484869487474214e+01
4.101227002004969080e+01
4.128972023621833642e+01
4.156717418256481267e+01
4.184460710052914578e+01
4.212199463255080900e+01
4.239931282027346526e+01
4.267653810230563494e+01
4.295364731162503347e+01
4.323061767270650790e+01
4.350742679844767480e+01
4.378405268695902208e+01
4.406047371827933290e+01
4.433666865107132082e+01
4.461261661934626233e+01
4.488829712926126803e+01
4.516369005602771836e+01
4.543877564096387545e+01
4.571353448872086744e+01
4.598794756470606160e+01
4.626199619272423291e+01
4.653566205285269319e+01
4.680892717956307791e+01
4.708177396009868687e+01
4.735418513311350353e+01
4.762614378757551492e+01
4.789763336193410481e+01
4.816863764354916810e+01
4.843914076837612726e+01
4.870912722089966707e+01
4.897858183430597734e+01
4.924748979088217737e+01
4.951583662262859065e+01
4.978360821206923248e+01
5.005079079324287505e+01
5.031737095285689776e+01
5.058333563158406321e+01
5.084867212548149240e+01
5.111336808751051564e+01
5.137741152913453391e+01
5.164079082197212500e+01
5.190349469948159111e+01
5.216551225865300978e+01
5.242683296168364393e+01
5.268744663761225411e+01
5.294734348388841738e+01
5.320651406785246706e+01
5.346494932810281853e+01
5.372264057572723317e+01
5.397957949537561717e+01
5.423575814615268342e+01
5.449116896230946594e+01
5.474580475371384125e+01
5.499965870608147611e+01
5.525272438094938110e+01
5.550499571537607579e+01
5.575646702135363597e+01
5.600713298491795200e+01
5.625698866494586525e+01
5.650602949162878019e+01
5.675425126461437486e+01
5.700165015080958142e+01
5.724822268183982743e+01
5.749396575116133334e+01
5.773887661082442690e+01
5.798295286788878400e+01
5.822619248049178964e+01
5.846859375357367128e+01
5.871015533426488986e+01
5.895087620694212660e+01
5.919075568796119313e+01
5.942979342007652122e+01
5.966798936655832364e+01
5.990534380501953393e+01
6.014185732096602521e+01
6.037753080108456061e+01
6.061236542628395085e+01
6.084636266450558395e+01
6.107952426332060014e+01
6.131185224233115605e+01
6.154334888539391812e+01
6.177401673268435189e+01
6.200385857262104139e+01
6.223287743366815761e+01
6.246107657603626251e+01
6.268845948329957452e+01
6.291502985394897962e+01
6.314079159289978094e+01
6.336574880297190049e+01
6.358990577636107133e+01
6.381326698611825776e+01
6.403583707765430688e+01
6.425762086028635167e+01
6.447862329884145538e+01
6.469884950533244705e+01
6.491830473072091934e+01
6.513699435677959571e+01
6.535492388806792974e+01
6.557209894403213468e+01
6.578852525124095507e+01
6.600420863576682962e+01
6.621915501572236451e+01
6.643337039396008947e+01
6.664686085094329826e+01
6.685963253779452486e+01
6.707169166952770922e+01
6.728304451846915413e+01
6.749369740787128080e+01
6.770365670572346062e+01
6.791292881876196930e+01
6.812152018668163578e+01
6.832943727655056421e+01
6.853668657742881010e+01
6.874327459519098227e+01
6.894920784755304055e+01
6.915449285930162659e+01
6.935913615772524565e+01
6.956314426824496877e+01
6.976652371024309218e+01
6.996928099308625804e+01
7.017142261234073430e+01
7.037295504617634379e+01
7.057388475195551791e+01
7.077421816300322632e+01
7.097396168555459894e+01
7.117312169587493997e+01
7.137170453754860944e+01
7.156971651893151432e+01
7.176716391076305968e+01
7.196405294393234442e+01
7.216038980739411102e+01
7.235618064622929069e+01
7.255143155984538339e+01
7.274614860031158514e+01
7.294033777082394465e+01
7.313400502429536232e+01
7.332715626206565673e+01
7.351979733272715123e+01
7.371193403106030928e+01
7.390357209707541131e+01
7.409471721515537013e+01
7.428537501329486759e+01
7.447555106243181910e+01
7.466525087586647658e+01
7.485447990876399160e+01
7.504324355773633215e+01
7.523154716049958779e+01
7.541939599560232921e+01
7.560679528222179613e+01
7.579375018002392039e+01
7.598026578908341833e+01
7.616634714986092547e+01
7.635199924323359255e+01
7.653722699057587420e+01
7.672203525388763978e+01
7.690642883596623847e+01
7.709041248062061413e+01
7.727399087292290858e+01
7.745716863949725450e+01
7.763995034884135293e+01
7.782234051167920086e+01
7.800434358134282320e+01
7.818596395418038014e+01
7.836720596998884503e+01
7.854807391246922066e+01
7.872857200970221925e+01
7.890870443464284278e+01
7.908847530563198802e+01
7.926788868692344181e+01
7.944694858922504466e+01
7.962565897025186246e+01
7.980402373529068427e+01
7.998204673777432561e+01
8.015973177986418818e+01
8.033708261304039411e+01
8.051410293869811596e+01
8.069079640874890913e+01
8.086716662622664842e+01
8.104321714589652004e+01
8.121895147486642941e+01
8.139437307320044113e+01
8.156948535453273053e+01
8.174429168668181944e+01
8.191879539226465567e+01
8.209299974930928556e+01
8.226690799186607705e+01
8.244052331061674010e+01
8.261384885348076068e+01
8.278688772621856629e+01
8.295964299303149403e+01
8.313211767715750966e+01
8.330431476146283387e+01
8.347623718902909218e+01
8.364788786373520679e+01
8.381926965083479786e+01
8.399038537752731770e+01
8.416123783352446708e+01
8.433182977161006022e+01
8.450216390819423395e+01
8.467224292386148932e+01
8.484206946391249460e+01
8.501164613889905297e+01
8.518097552515304471e+01
8.535006016530854822e+01
8.551890256881702612e+01
8.568750521245620178e+01
8.585587054083153191e+01
8.602400096687141229e+01
8.619189887231503633e+01
8.635956660819354624e+01
8.652700649530420662e+01
8.669422082467771418e+01
8.686121185803834521e+01
8.702798182825762296e+01
8.719453293980063791e+01
