2.500000000000000000e+01
2.518827203072083876e+01
2.537691258903001668e+01
2.556592172243730943e+01
2.575529951713716770e+01
2.594504610402815103e+01
2.613516166473458568e+01
2.632564643762389878e+01
2.651650072381316292e+01
2.670772489315854159e+01
2.689931939022117291e+01
2.709128474020322841e+01
2.728362155484782292e+01
2.747633053829642336e+01
2.766941249289740412e+01
2.786286832495940402e+01
2.805669905044291212e+01
2.825090580058359890e+01
2.844548982744073840e+01
2.864045250936375808e+01
2.883579535637012370e+01
2.903152001542714800e+01
2.922762827563039778e+01
2.942412207327108220e+01
2.962100349678421196e+01
2.981827479156940797e+01
3.001593836467555931e+01
3.021399678934035293e+01
3.041245280937509321e+01
3.061130934338482845e+01
3.081056948881353108e+01
3.101023652580306944e+01
3.121031392085470202e+01
3.141080533028096866e+01
3.161171460343508954e+01
3.181304578570485120e+01
3.201480312125681849e+01
3.221699105551628151e+01
3.241961423736778158e+01
3.262267752106006213e+01
3.282618596779893494e+01
3.303014484701067488e+01
3.323455963725794504e+01
3.343943602678967153e+01
3.364477991370548438e+01
3.385059740571498565e+01
3.405689481947129593e+01
3.426367867945813117e+01
3.447095571640887357e+01
3.467873286523615661e+01
3.488701726244975276e+01
3.509581624304092173e+01
3.530513733681067379e+01
3.551498826412023391e+01
3.572537693104147394e+01
3.593631142388604616e+01
3.614780000309215069e+01
3.635985109644867919e+01
3.657247329163767802e+01
3.678567532807689844e+01
3.699946608804562231e+01
3.721385458707908356e+01
3.742884996361808447e+01
3.764446146790288594e+01
3.786069845010317181e+01
3.807757034767804072e+01
3.829508667196349592e+01
3.851325699398826430e+01
3.873209092952205879e+01
3.895159812336451921e+01
3.917178823288743672e+01
3.939267091084700212e+01
3.961425578748776388e+01
3.983655245196493411e+01
4.005957043311656207e+01
4.028331917962267283e+01
4.050780803959385423e+01
4.073304623963710469e+01
4.095904286345247414e+01
4.118580683001950860e+01
4.141334687143777415e+01
4.164167151049144167e+01
4.187078903801253205e+01
4.210070749012265878e+01
4.233143462543706903e+01
4.256297790231970168e+01
4.279534445628043926e+01
4.302854107760985158e+01
4.326257418934841326e+01
4.349744982568923035e+01
4.373317361091430655e+01
4.396975073896465602e+01
4.420718595374383142e+01
4.444548353025324161e+01
4.468464725665516113e+01
4.492468041735642714e+01
4.516558577720144285e+01
4.540736556685860137e+01
4.565002146947830397e+01
4.589355460869425229e+01
4.613796553803284439e+01
4.638325423178692120e+01
4.662942007740248584e+01
4.687646186941731230e+01
4.712437780498147788e+01
4.737316548097991387e+01
4.762282189276732680e+01
4.787334343451566099e+01
4.812472590116462356e+01
4.837696449195568249e+01
4.863005381552058282e+01
4.888398789648599774e+01
4.913876018354731912e+01
4.939436355895616515e+01
4.965079034935881452e+01
4.990803233791518068e+01
5.016608077762280971e+01
5.042492640576367791e+01
5.068455945938799800e+01
5.094496969174497281e+01
5.120614638956772069e+01
5.146807839111743021e+01
5.173075410489092718e+01
5.199416152889504872e+01
5.225828827039207169e+01
5.252312156602130955e+01
5.278864830220407356e+01
5.305485503574152517e+01
5.332172801451834232e+01
5.358925319822821365e+01
5.385741627904192086e+01
5.412620270214255669e+01
5.439559768605760581e+01
5.466558624272247613e+01
5.493615319721514823e+01
5.520728320710713177e+01
5.547896078138107612e+01
5.575117029887078957e+01
5.602389602618480779e+01
5.629712213507983876e+01
5.657083271925552026e+01
5.684501181054673680e+01
5.711964339449466621e+01
5.739471142528212511e+01
5.767019984002300959e+01
5.794609257239977040e+01
5.822237356564642141e+01
5.849902678487814711e+01
5.877603622877187206e+01
5.905338594060461332e+01
5.933106001865960621e+01
5.960904262601215464e+01
5.988731799970933878e+01
6.016587045935940381e+01
6.044468441514855073e+01
6.072374437530368141e+01
6.100303495302118506e+01
6.128254087288232199e+01
6.156224697677705393e+01
6.184213822935778637e+01
6.212219972304584559e+01
6.240241668261273134e+01
6.268277446935897501e+01
6.296325858491293559e+01
6.324385467467177335e+01
6.352454853090645059e+01
6.380532609555254453e+01
6.408617346270759185e+01
6.436707688085596146e+01
6.464802275484056793e+01
6.492899764760127823e+01
6.520998828169841488e+01
6.549098154063911181e+01
6.577196447002353352e+01
6.605292427852812409e+01
6.633384833874013964e+01
6.661472418785952243e+01
6.689553952828133276e+01
6.717628222807219629e+01
6.745694032135338603e+01
6.773750200860166615e+01
6.801795565687942258e+01
6.829828980000354477e+01
6.857849313866290686e+01
6.885855454049294622e+01
6.913846304011505595e+01
6.941820783914846515e+01
6.969777830620067505e+01
6.997716397684277467e+01
7.025635455357482329e+01
7.053533990578583257e+01
7.081411006971262623e+01
7.109265524840105854e+01
7.137096581167264731e+01
7.164903229609899427e+01
7.192684540498629531e+01
7.220439600837084981e+01
7.248167514302753034e+01
7.275867401249121258e+01
7.303538398709167723e+01
7.331179660400181319e+01
7.358790356729871007e+01
7.386369674803702878e+01
7.413916818433297351e+01
7.441431008145836756e+01
7.468911481194221835e+01
7.496357491567860620e+01
7.523768310003842430e+01
7.551143223998273868e+01
7.578481537817513924e+01
7.605782572509076545e+01
7.633045665911869548e+01
7.660270172665516952e+01
7.687455464218459156e+01
7.714600928834472882e+01
7.741705971597374969e+01
7.768770014413514957e+01
7.795792496011766559e+01
7.822772871940682649e+01
7.849710614562506805e+01
7.876605213043708886e+01
7.903456173341692192e+01
7.930263018187426383e+01
7.957025287063672181e+01
7.983742536178483817e+01
8.010414338433706405e+01
8.037040283388256512e+01
8.063619977215824974e+01
8.090153042656842786e+01
8.116639118964418742e+01
8.143077861844079735e+01
8.169468943387067839e+01
8.195812051997057779e+01
8.222106892310100079e+01
8.248353185107654895e+01
8.274550667222609945e+01
8.300699091438154653e+01
8.326798226379423795e+01
8.352847856397910675e+01
8.378847781448496335e+01
8.404797816959194279e+01
8.430697793693521191e+01
8.456547557605570375e+01
8.482346969687819183e+01
8.508095905811687487e+01
8.533794256561030522e+01
8.559441927058550448e+01
8.585038836785363969e+01
8.610584919393754433e+01
8.636080122513371293e+01
8.661524407550990645e+01
8.686917749484038609e+01
8.712260136648100683e+01
8.737551570518637334e+01
8.762792065487121818e+01
8.787981648631898679e+01
8.813120359483944810e+01
8.838208249787892612e+01
8.863245383258542631e+01
8.888231835333154152e+01
8.913167692919866170e+01
8.938053054142466181e+01
8.962888028081900416e+01
8.987672734514798378e+01
9.012407303649303003e+01
9.037091875858612866e+01
9.061726601412438242e+01
9.086311640206805862e+01
9.110847161492456792e+01
9.135333343602157186e+01
9.159770373677324073e+01
9.184158447394136715e+01
9.208497768689558427e+01
9.232788549487533203e+01
9.257031009425629975e+01
9.281225375582454262e+01
9.305371882206084422e+01
9.329470770443855088e+01
9.353522288073679647e+01
9.377526689237244284e+01
9.401484234175255494e+01
9.425395188965039495e+01
9.449259825260688217e+01
9.473078420035946579e+01
9.496851255330123820e+01
9.520578617997142601e+01
9.544260799457968858e+01
9.567898095456561691e+01
9.591490805819536547e+01
9.615039234219675279e+01
9.638543687943428040e+01
9.662004477662532054e+01
9.685421917209896492e+01
9.708796323359810287e+01
9.732128015612634897e+01
9.755417315984007587e+01
9.778664548798680300e+01
9.801870040489022529e+01
9.825034119398303289e+01
9.848157115588708166e+01
9.871239360654244877e+01
9.894281187538469169e+01
9.917282930357093562e+01
9.940244924225518730e+01
9.963167505091224996e+01
9.986051009571090731e+01
1.000889577479357797e+02
1.003170213824581083e+02
1.005447043762545718e+02
1.007720101069748040e+02
1.009989419515564748e+02
1.012255032848874663e+02
1.014516974785156833e+02
1.016775278994046232e+02
1.019029979087352160e+02
1.021281108607528267e+02
1.023528701016587945e+02
1.025772789685461674e+02
1.028013407883783970e+02
1.030250588770108777e+02
