1.600000000000000000e+01
1.618838255402181758e+01
1.637735432326227780e+01
1.656691427593262489e+01
1.675706069543954513e+01
1.694779118494726333e+01
1.713910267372439478e+01
1.733099142523652603e+01
1.752345304693470496e+01
1.771648250168005490e+01
1.791007412073574301e+01
1.810422161824886089e+01
1.829891810713708367e+01
1.849415611628847955e+01
1.868992760897664240e+01
1.888622400238887522e+01
1.908303618816099601e+01
1.928035455380988239e+01
1.947816900495266879e+01
1.967646898820101597e+01
1.987524351461882333e+01
2.007448118363272016e+01
2.027417020728671915e+01
2.047429843473491218e+01
2.067485337686936120e+01
2.087582223098462109e+01
2.107719190538447407e+01
2.127894904384189445e+01
2.148108004982824681e+01
2.168357111043376406e+01
2.188640821990724916e+01
2.208957720274883840e+01
2.229306373629629690e+01
2.249685337275100849e+01
2.270093156059656181e+01
2.290528366536850413e+01
2.310989498973997058e+01
2.331475079289367613e+01
2.351983630915616175e+01
2.372513676587561804e+01
2.393063740052943444e+01
2.413632347705242864e+01
2.434218030138110933e+01
2.454819323621318716e+01
2.475434771498539988e+01
2.496062925507617791e+01
2.516702347024249065e+01
2.537351608230309452e+01
2.558009293208282386e+01
2.578673998963459368e+01
2.599344336375762055e+01
2.620018931083190949e+01
2.640696424299041567e+01
2.661375473565109928e+01
2.682054753443211936e+01
2.702732956147398014e+01
2.723408792119257882e+01
2.744080990548784627e+01
2.764748299843206780e+01
2.785409488046257920e+01
2.806063343210279726e+01
2.826708673723550902e+01
2.847344308595187456e+01
2.867969097699906200e+01
2.888581911984891448e+01
2.909181643640938475e+01
2.929767206239976574e+01
2.950337534841028031e+01
2.970891586066530365e+01
2.991428338150940291e+01
3.011946790963409981e+01
3.032445966006259397e+01
3.052924906390908077e+01
3.073382676792824597e+01
3.093818363386988324e+01
3.114231073765294866e+01
3.134619936837208343e+01
3.154984102714973915e+01
3.175322742584548052e+01
3.195635048563399394e+01
3.215920233546223983e+01
3.236177531039571420e+01
3.256406194986330149e+01
3.276605499580931280e+01
3.296774739076092686e+01
3.316913227581879653e+01
3.337020298857779466e+01
3.357095306098474907e+01
3.377137621713914939e+01
3.397146637104282973e+01
3.417121762430383569e+01
3.437062426379959845e+01
3.456968075930385709e+01
3.476838176108189771e+01
3.496672209745786830e+01
3.516469677235788538e+01
3.536230096283274094e+01
3.555953001656256873e+01
3.575637944934744894e+01
3.595284494258571328e+01
3.614892234074331157e+01
3.634460764881578143e+01
3.653989702978572751e+01
3.673478680207730918e+01
3.692927343700986142e+01
3.712335355625234712e+01
3.731702392928011136e+01
3.751028147083572861e+01
3.770312323839505098e+01
3.789554642963997821e+01
3.808754837993907927e+01
3.827912655983719503e+01
3.847027857255525163e+01
3.866100215150110841e+01
3.885129515779242126e+01
3.904115557779261536e+01
3.923058152066069937e+01
3.941957121591545388e+01
3.960812301101542232e+01
3.979623536895462621e+01
3.998390686587541154e+01
4.017113618869868219e+01
4.035792213277218821e+01
4.054426359953762926e+01
4.073015959421702092e+01
4.091560922351889928e+01
4.110061169336500342e+01
4.128516630663770570e+01
4.146927246094904262e+01
4.165292964643131057e+01
4.183613744355027819e+01
4.201889552094089453e+01
4.220120363326628166e+01
4.238306161910015391e+01
4.256446939883328184e+01
4.274542697260407920e+01
4.292593441825393086e+01
4.310599188930734016e+01
4.328559961297743541e+01
4.346475788819680730e+01
4.364346708367437344e+01
4.382172763597814935e+01
4.399954004764420290e+01
4.417690488531236070e+01
4.435382277788835381e+01
4.453029441473297112e+01
4.470632054387827026e+01
4.488190197027073935e+01
4.505703955404214867e+01
4.523173420880741702e+01
4.540598689999033866e+01
4.557979864317654517e+01
4.575317050249444861e+01
4.592610358902361156e+01
4.609859905923084966e+01
4.627065811343418744e+01
4.644228199429436899e+01
4.661347198533397318e+01
4.678422940948440356e+01
4.695455562766009194e+01
4.712445203736043453e+01
4.729392007129902709e+01
4.746296119606010677e+01
4.763157691078230016e+01
4.779976874586923685e+01
4.796753826172711399e+01
4.813488704752891323e+01
4.830181672000517779e+01
4.846832892226115774e+01
4.863442532261989726e+01
4.880010761349152659e+01
4.896537751026792762e+01
4.913023675024311387e+01
4.929468709155869988e+01
4.945873031217429627e+01
4.962236820886261768e+01
4.978560259622901896e+01
4.994843530575511892e+01
5.011086818486629824e+01
5.027290309602266660e+01
5.043454191583340673e+01
5.059578653419379890e+01
5.075663885344517468e+01
5.091710078755669855e+01
5.107717426132971639e+01
5.123686120962315016e+01
5.139616357660046475e+01
5.155508331499764552e+01
5.171362238541158973e+01
5.187178275560889062e+01
5.202956639985459475e+01
5.218697529826032167e+01
5.234401143615184537e+01
5.250067680345545540e+01
5.265697339410273514e+01
5.281290320545377170e+01
5.296846823773789481e+01
5.312367049351214376e+01
5.327851197713663112e+01
5.343299469426690251e+01
5.358712065136258929e+01
5.374089185521216194e+01
5.389431031247341508e+01
5.404737802922944212e+01
5.420009701055959539e+01
5.435246926012513313e+01
5.450449677976936158e+01
5.465618156913172498e+01
5.480752562527577254e+01
5.495853094233040537e+01
5.510919951114424009e+01
5.525953331895281906e+01
5.540953434905821950e+01
5.555920458052078459e+01
5.570854598786281286e+01
5.585756054078369459e+01
5.600625020388633146e+01
5.615461693641454843e+01
5.630266269200109974e+01
5.645038941842619096e+01
5.659779905738600547e+01
5.674489354427103649e+01
5.689167480795422449e+01
5.703814477058805466e+01
5.718430534741099791e+01
5.733015844656257798e+01
5.747570596890704309e+01
5.762094980786535814e+01
5.776589184925514786e+01
5.791053397113858381e+01
5.805487804367783156e+01
5.819892592899781647e+01
5.834267948105618018e+01
5.848614054552011510e+01
5.862931095964998462e+01
5.877219255218945904e+01
5.891478714326187571e+01
5.905709654427271715e+01
5.919912255781813570e+01
5.934086697759903473e+01
5.948233158834086964e+01
5.962351816571856489e+01
5.976442847628700150e+01
5.990506427741610196e+01
6.004542731723098115e+01
6.018551933455688641e+01
6.032534205886848611e+01
6.046489721024348540e+01
6.060418649932078239e+01
6.074321162726229772e+01
6.088197428571913150e+01
6.102047615680115200e+01
6.115871891305051378e+01
6.129670421741860764e+01
6.143443372324642127e+01
6.157190907424813275e+01
6.170913190449793717e+01
6.184610383841986447e+01
6.198282649078059592e+01
6.211930146668501607e+01
6.225553036157437958e+01
6.239151476122738416e+01
6.252725624176345320e+01
6.266275636964849838e+01
6.279801670170312633e+01
6.293303878511285632e+01
6.306782415744061865e+01
6.320237434664116449e+01
6.333669087107759310e+01
6.347077523953951328e+01
6.360462895126331517e+01
6.373825349595377077e+01
6.387165035380769496e+01
6.400482099553875059e+01
6.413776688240415069e+01
6.427048946623251879e+01
6.440299018945313492e+01
6.453527048512667363e+01
6.466733177697695112e+01
6.479917547942407907e+01
6.493080299761847130e+01
6.506221572747621451e+01
6.519341505571519235e+01
6.532440235989244570e+01
6.545517900844208725e+01
6.558574636071443820e+01
6.571610576701583284e+01
6.584625856864907689e+01
6.597620609795494317e+01
6.610594967835390889e+01
6.623549062438911506e+01
6.636483024176938272e+01
6.649396982741305351e+01
6.662291066949252638e+01
6.675165404747890818e+01
6.688020123218743151e+01
6.700855348582325632e+01
6.713671206202758412e+01
6.726467820592408486e+01
6.739245315416604853e+01
6.752003813498319573e+01
6.764743436822955402e+01
6.777464306543095063e+01
6.790166542983294562e+01
6.802850265644929095e+01
6.815515593211004841e+01
6.828162643551027600e+01
6.840791533725865747e+01
6.853402379992638771e+01
6.865995297809607223e+01
6.878570401841074045e+01
6.891127805962294417e+01
6.903667623264396980e+01
6.916189966059275207e+01
6.928694945884546996e+01
6.941182673508440359e+01
6.953653258934744485e+01
6.966106811407688326e+01
6.978543439416888816e+01
6.990963250702237985e+01
