6.400000000000000000e+01
6.418815796758421754e+01
6.437645633143974067e+01
6.456489512064085545e+01
6.475347438363624519e+01
6.494219418823652745e+01
6.513105462159664683e+01
6.532005579019345021e+01
6.550919781979790457e+01
6.569848085544265359e+01
6.588790506138452940e+01
6.607747062106194846e+01
6.626717773704753256e+01
6.645702663099565655e+01
6.664701754358517860e+01
6.683715073445711141e+01
6.702742648214767485e+01
6.721784508401617586e+01
6.740840685616826988e+01
6.759911213337429103e+01
6.778996126898282171e+01
6.798095463482967205e+01
6.817209262114165824e+01
6.836337563643623128e+01
6.855480410741608921e+01
6.874637847885925623e+01
6.893809921350445791e+01
6.912996679193216210e+01
6.932198171244077400e+01
6.951414449091858216e+01
6.970645566071105748e+01
6.989891577248391741e+01
7.009152539408169957e+01
7.028428511038194415e+01
7.047719552314526936e+01
7.067025725086097054e+01
7.086347092858868280e+01
7.105683720779558143e+01
7.125035675618978814e+01
7.144403025754937175e+01
7.163785841154772527e+01
7.183184193357465119e+01
7.202598155455375206e+01
7.222027802075572822e+01
7.241473209360823660e+01
7.260934454950159989e+01
7.280411617959107673e+01
7.299904778959538021e+01
7.319414019959157258e+01
7.338939424380660626e+01
7.358481077040514151e+01
7.378039064127410995e+01
7.397613473180383892e+01
7.417204393066593582e+01
7.436811913958781872e+01
7.456436127312416318e+01
7.476077125842516580e+01
7.495735003500175253e+01
7.515409855448774579e+01
7.535101778039904730e+01
7.554810868789016354e+01
7.574537226350746266e+01
7.594280950494012927e+01
7.614042142076813491e+01
7.633820903020762216e+01
7.653617336285365980e+01
7.673431545842063883e+01
7.693263636648003967e+01
7.713113714619585437e+01
7.732981886605767841e+01
7.752868260361157127e+01
7.772772944518857230e+01
7.792696048563135491e+01
7.812637682801843653e+01
7.832597958338655530e+01
7.852576987045124213e+01
7.872574881532518987e+01
7.892591755123498842e+01
7.912627721823605498e+01
7.932682896292588737e+01
7.952757393815562637e+01
7.972851330274015424e+01
7.992964822116648804e+01
8.013097986330099332e+01
8.033250940409499208e+01
8.053423802328924808e+01
8.073616690511697414e+01
8.093829723800593001e+01
8.114063021427925548e+01
8.134316702985522340e+01
8.154590888394602644e+01
8.174885697875578217e+01
8.195201251917750085e+01
8.215537671248942786e+01
8.235895076805049086e+01
8.256273589699527804e+01
8.276673331192836258e+01
8.297094422661798774e+01
8.317536985568955288e+01
8.338001141431853114e+01
8.358487011792313126e+01
8.378994718185668944e+01
8.399524382109994747e+01
8.420076124995321720e+01
8.440650068172848819e+01
8.461246332844140738e+01
8.481865040050385574e+01
8.502506310641607001e+01
8.523170265245953203e+01
8.543857024238978681e+01
8.564566707712998550e+01
8.585299435446475513e+01
8.606055326873445210e+01
8.626834501053026827e+01
8.647637076638996234e+01
8.668463171849425919e+01
8.689312904436420126e+01
8.710186391655928162e+01
8.731083750237667118e+01
8.752005096355152602e+01
8.772950545595828942e+01
8.793920212931342917e+01
8.814914212687914130e+01
8.835932658516890115e+01
8.856975663365393814e+01
8.878043339447167170e+01
8.899135798213551141e+01
8.920253150324633395e+01
8.941395505620599238e+01
8.962562973093226049e+01
8.983755660857615055e+01
9.004973676124083681e+01
9.026217125170293798e+01
9.047486113313590295e+01
9.068780744883555656e+01
9.090101123194813226e+01
9.111447350520063537e+01
9.132819528063363634e+01
9.154217755933679257e+01
9.175642133118695654e+01
9.197092757458899825e+01
9.218569725621954092e+01
9.240073133077348189e+01
9.261603074071365427e+01
9.283159641602347278e+01
9.304742927396266339e+01
9.326353021882643191e+01
9.347990014170774487e+01
9.369653992026313460e+01
9.391345041848188657e+01
9.413063248645890724e+01
9.434808696017107366e+01
9.456581466125746260e+01
9.478381639680320347e+01
9.500209295912736707e+01
9.522064512557463445e+01
9.543947365831120067e+01
9.565857930412443011e+01
9.587796279422715884e+01
9.609762484406574856e+01
9.631756615313278758e+01
9.653778740478404075e+01
9.675828926605991853e+01
9.697907238751129455e+01
9.720013740303026850e+01
9.742148492968506446e+01
9.764311556756013033e+01
9.786502989960067111e+01
9.808722849146234068e+01
9.830971189136536736e+01
9.853248062995409384e+01
9.875553522016127772e+01
9.897887615707742270e+01
9.920250391782533939e+01
9.942641896143979352e+01
9.965062172875235547e+01
9.987511264228145080e+01
1.000998921061278679e+02
1.003249605058752536e+02
1.005503182084963925e+02
1.007759655622645454e+02
1.010019028966703445e+02
1.012281305223441734e+02
1.014546487309839335e+02
1.016814577952884804e+02
1.019085579688963605e+02
1.021359494863302331e+02
1.023636325629470178e+02
1.025916073948931597e+02
1.028198741590659608e+02
1.030484330130802277e+02
1.032772840952407165e+02
1.035064275245198075e+02
1.037358634005413052e+02
1.039655918035693247e+02
1.041956127945032051e+02
1.044259264148776367e+02
1.046565326868686014e+02
1.048874316133046278e+02
1.051186231776839577e+02
1.053501073441967293e+02
1.055818840577530722e+02
1.058139532440163322e+02
1.060463148094419523e+02
1.062789686413216259e+02
1.065119146078327930e+02
1.067451525580935510e+02
1.069786823222226388e+02
1.072125037114049348e+02
1.074466165179618002e+02
1.076810205154268516e+02
1.079157154586265648e+02
1.081507010837660374e+02
1.083859771085195973e+02
1.086215432321264842e+02
1.088573991354911072e+02
1.090935444812883617e+02
1.093299789140732656e+02
1.095667020603955848e+02
1.098037135289187631e+02
1.100410129105435431e+02
1.102785997785355789e+02
1.105164736886579533e+02
1.107546341793073026e+02
1.109930807716546184e+02
1.112318129697897149e+02
1.114708302608698176e+02
1.117101321152721738e+02
1.119497179867502012e+02
1.121895873125934600e+02
1.124297395137913043e+02
1.126701739951998320e+02
1.129108901457124148e+02
1.131518873384335109e+02
1.133931649308556047e+02
1.136347222650394286e+02
1.138765586677969139e+02
1.141186734508773668e+02
1.143610659111562597e+02
1.146037353308266376e+02
1.148466809775934081e+02
1.150899021048699069e+02
1.153333979519767922e+02
1.155771677443434839e+02
1.158212106937114356e+02
1.160655259983398224e+02
1.163101128432128633e+02
1.165549704002492604e+02
1.168000978285132021e+02
1.170454942744270994e+02
1.172911588719859424e+02
1.175370907429727794e+02
1.177832889971759585e+02
1.180297527326071645e+02
1.182764810357208773e+02
1.185234729816348249e+02
1.187707276343510472e+02
1.190182440469781540e+02
1.192660212619541085e+02
1.195140583112695651e+02
1.197623542166919037e+02
1.200109079899894482e+02
1.202597186331563535e+02
1.205087851386370801e+02
1.207581064895518921e+02
1.210076816599215164e+02
1.212575096148923421e+02
1.215075893109611513e+02
1.217579196961998491e+02
1.220084997104795974e+02
1.222593282856948491e+02
1.225104043459866290e+02
1.227617268079653314e+02
1.230132945809330067e+02
1.232651065671046666e+02
1.235171616618289221e+02
1.237694587538077400e+02
1.240219967253151907e+02
1.242747744524151301e+02
1.245277908051779576e+02
1.247810446478958966e+02
1.250345348392973648e+02
1.252882602327597823e+02
1.255422196765211567e+02
1.257964120138902899e+02
1.260508360834552661e+02
1.263054907192905461e+02
1.265603747511626267e+02
1.268154870047336829e+02
1.270708263017638160e+02
1.273263914603114557e+02
1.275821812949317717e+02
1.278381946168736363e+02
1.280944302342742560e+02
1.283508869523522833e+02
1.286075635735985543e+02
1.288644588979650507e+02
1.291215717230519999e+02
1.293789008442923887e+02
1.296364450551347147e+02
1.298942031472235215e+02
1.301521739105779432e+02
1.304103561337674932e+02
1.306687486040863746e+02
1.309273501077247204e+02
1.311861594299384137e+02
1.314451753552159232e+02
1.317043966674432340e+02
1.319638221500659938e+02
1.322234505862501237e+02
1.324832807590391042e+02
1.327433114515094701e+02
1.330035414469239470e+02
1.332639695288818871e+02
1.335245944814672896e+02
1.337854150893948315e+02
1.340464301381531698e+02
1.343076384141457140e+02
1.345690387048291825e+02
1.348306297988497420e+02
