4.000000000000000000e+00
4.191768570968556595e+00
4.390847444574737857e+00
4.597085774992987872e+00
4.810241827585550745e+00
5.029996145705046828e+00
5.255967611112317250e+00
5.487730655645600919e+00
5.724832050282588902e+00
5.966806070788713612e+00
6.213187293495384012e+00
6.463520705193431581e+00
6.717369152388337206e+00
6.974318383462007276e+00
7.233980059420076714e+00
7.495993147900780862e+00
7.760024098344480592e+00
8.025766148082563944e+00
8.292938047967787440e+00
8.561282434058929525e+00
8.830564015561309432e+00
9.100567701727547032e+00
9.371096752384120876e+00
9.641971007497485147e+00
9.913025229461116083e+00
1.018410757614436335e+01
1.045507821184407149e+01
1.072580805595391951e+01
1.099617766446267453e+01
1.126607623656478552e+01
1.153540073714881231e+01
1.180405512529982381e+01
1.207194967890578141e+01
1.233900040577793611e+01
1.260512853222870966e+01
1.287026006069425321e+01
1.313432538867338906e+01
1.339725898193596798e+01
1.365899909560450887e+01
1.391948753731838906e+01
1.417866946724299737e+01
1.443649323018534680e+01
1.469291021552455234e+01
1.494787474106458980e+01
1.520134395727206744e+01
1.545327776868029979e+01
1.570363876952671944e+01
1.595239219095086547e+01
1.619950585731803017e+01
1.644495014945519173e+01
1.668869797279362288e+01
1.693072472861084421e+01
1.717100828675465962e+01
1.740952895841724768e+01
1.764626946770692228e+01
1.788121492094211007e+01
1.811435277276415690e+01
1.834567278833419124e+01
1.857516700104251228e+01
1.880282966531675370e+01
1.902865720426501994e+01
1.925264815203239976e+01
1.947480309088117778e+01
1.969512458312578573e+01
1.991361709816272807e+01
2.013028693493090415e+01
2.034514214021942635e+01
2.055819242330790431e+01
2.076944906747645803e+01
2.097892483896233529e+01
2.118663389396411745e+01
2.139259168430718105e+01
2.159681486238310910e+01
2.179932118596485680e+01
2.200012942347834510e+01
2.219925926028124508e+01
2.239673120646376248e+01
2.259256650664368848e+01
2.278678705218203859e+01
2.297941529619621903e+01
2.317047417169741763e+01
2.335998701312724535e+01
2.354797748151861825e+01
2.373446949345644086e+01
2.391948715396666003e+01
2.410305469341818352e+01
2.428519640848092109e+01
2.446593660714579244e+01
2.464529955777850034e+01
2.482330944214912805e+01
2.499999031235314817e+01
2.517536605151721218e+01
2.534946033816398270e+01
2.552229661409528561e+01
2.569389805564029317e+01
2.586428754810662412e+01
2.603348766326563890e+01
2.620152063969911893e+01
2.636840836583291647e+01
2.653417236548302327e+01
2.669883378574133559e+01
2.686241338703142389e+01
2.702493153516899582e+01
2.718640819526688901e+01
2.734686292733045221e+01
2.750631488339573139e+01
2.766478280606997942e+01
2.782228502834112405e+01
2.797883947453045650e+01
2.813446366227027795e+01
2.828917470539568058e+01
2.844298931764715022e+01
2.859592381708785069e+01
2.874799413114659785e+01
2.889921580220399733e+01
2.904960399364640011e+01
2.919917349631773007e+01
2.934793873530572839e+01
2.949591377700468797e+01
2.964311233640156829e+01
2.978954778453795171e+01
2.993523315610447000e+01
3.008018115712872387e+01
3.022440417272179758e+01
3.036791427485228212e+01
3.051072323011963761e+01
3.065284250750267248e+01
3.079428328606101317e+01
3.093505646257071362e+01
3.107517265907718951e+01
3.121464223035103558e+01
3.135347527123444422e+01
3.149168162386738601e+01
3.162927088478484094e+01
3.176625241187745630e+01
3.190263533120965889e+01
3.203842854369040083e+01
3.217364073159256321e+01
3.230828036491846689e+01
3.244235570760929477e+01
3.257587482359757303e+01
3.270884558270196152e+01
3.284127566636458795e+01
3.297317257323160078e+01
3.310454362457814881e+01
3.323539596957904507e+01
3.336573659042723250e+01
3.349557230730211899e+01
3.362490978319033275e+01
3.375375552856120720e+01
3.388211590590024969e+01
3.400999713410317327e+01
3.413740529273385249e+01
3.426434632614914477e+01
3.439082604749395955e+01
3.451685014256986506e+01
3.464242417358031645e+01
3.476755358275624985e+01
3.489224369586487029e+01
3.501649972560539936e+01
3.514032677489475276e+01
3.526372984004656530e+01
3.538671381384676096e+01
3.550928348852873029e+01
3.563144355865152590e+01
3.575319862388360548e+01
3.587455319169583134e+01
3.599551167996600753e+01
3.611607841949822983e+01
3.623625765645967789e+01
3.635605355473766309e+01
3.647547019821948311e+01
3.659451159299791101e+01
3.671318166950441508e+01
3.683148428457301549e+01
3.694942322343685248e+01
3.706700220165985371e+01
3.718422486700566054e+01
3.730109480124626486e+01
3.741761552191194085e+01
3.753379048398491591e+01
3.764962308153869230e+01
3.776511664932466061e+01
3.788027446430795209e+01
3.799509974715467564e+01
3.810959566367147033e+01
3.822376532619982470e+01
3.833761179496612215e+01
3.845113807938951567e+01
3.856434713934850578e+01
3.867724188640818284e+01
3.878982518500923504e+01
3.890209985362011480e+01
3.901406866585367794e+01
3.912573435154936163e+01
3.923709959782253520e+01
3.934816705008148574e+01
3.945893931301384328e+01
3.956941895154306366e+01
3.967960849175614868e+01
3.978951042180363373e+01
3.989912719277263164e+01
4.000846121953406964e+01
4.011751488156492940e+01
4.022629052374618652e+01
4.033479045713752953e+01
4.044301695972943378e+01
4.055097227717350705e+01
4.065865862349180304e+01
4.076607818176567832e+01
4.087323310480508098e+01
4.098012551579885354e+01
4.108675750894654044e+01
4.119313115007257409e+01
4.129924847722320891e+01
4.140511150124687845e+01
4.151072220635852972e+01
4.161608255068826168e+01
4.172119446681523414e+01
4.182605986228675476e+01
4.193068062012343944e+01
4.203505859931073019e+01
4.213919563527738177e+01
4.224309354036088138e+01
4.234675410426081044e+01
4.245017909448024795e+01
4.255337025675540730e+01
4.265632931547424533e+01
4.275905797408412923e+01
4.286155791548909377e+01
4.296383080243673902e+01
4.306587827789545031e+01
4.316770196542194071e+01
4.326930346951957773e+01
4.337068437598764348e+01
4.347184625226201149e+01
4.357279064774726152e+01
4.367351909414072964e+01
4.377403310574842976e+01
4.387433417979345762e+01
4.397442379671682744e+01
4.407430342047108240e+01
4.417397449880684235e+01
4.427343846355254442e+01
4.437269673088754729e+01
4.447175070160875521e+01
4.457060176139113850e+01
4.466925128104195153e+01
4.476770061674930190e+01
4.486595111032478655e+01
4.496400408944072780e+01
4.506186086786195233e+01
4.515952274567217728e+01
4.525699100949557163e+01
4.535426693271313070e+01
4.545135177567431839e+01
4.554824678590398435e+01
4.564495319830479048e+01
4.574147223535511131e+01
4.583780510730272084e+01
4.593395301235413797e+01
4.602991713686008524e+01
4.612569865549687620e+01
4.622129873144381662e+01
4.631671851655710270e+01
4.641195915153983265e+01
4.650702176610855787e+01
4.660190747915639520e+01
4.669661739891265739e+01
4.679115262309921519e+01
4.688551423908378268e+01
4.697970332402986315e+01
4.707372094504383853e+01
4.716756815931901059e+01
4.726124601427670768e+01
4.735475554770476236e+01
4.744809778789289112e+01
4.754127375376584297e+01
4.763428445501357089e+01
4.772713089221900873e+01
4.781981405698343934e+01
4.791233493204924798e+01
4.800469449142047296e+01
4.809689370048101154e+01
4.818893351611055920e+01
4.828081488679832489e+01
4.837253875275472126e+01
4.846410604602079530e+01
4.855551769057579037e+01
4.864677460244252671e+01
4.873787768979113366e+01
4.882882785304046536e+01
4.891962598495805992e+01
4.901027297075807354e+01
4.910076968819738141e+01
4.919111700767030726e+01
4.928131579230111470e+01
4.937136689803538303e+01
4.946127117372934379e+01
4.955102946123808039e+01
4.964064259550161751e+01
4.973011140463007962e+01
4.981943670998704476e+01
4.990861932627144881e+01
4.999766006159828891e+01
5.008655971757775660e+01
5.017531908939308494e+01
5.026393896587715204e+01
5.035242012958765656e+01
5.044076335688111357e+01
5.052896941798573494e+01
5.061703907707273942e+01
5.070497309232691663e+01
5.079277221601576287e+01
5.088043719455750136e+01
5.096796876858819303e+01
5.105536767302748302e+01
5.114263463714342350e+01
5.122977038461636567e+01
5.131677563360154437e+01
