4.900000000000000000e+01
4.918817990311176658e+01
4.937654407807355028e+01
4.956509256752843129e+01
4.975382544253348982e+01
4.994274280253782905e+01
5.013184477535165229e+01
5.032113151710672128e+01
5.051060321220793270e+01
5.070026007327626161e+01
5.089010234108289410e+01
5.108013028447481929e+01
5.127034420029165318e+01
5.146074441327408522e+01
5.165133127596361362e+01
5.184210516859385365e+01
5.203306649897356806e+01
5.222421570236119948e+01
5.241555324133118887e+01
5.260707960563212282e+01
5.279879531203675924e+01
5.299070090418394585e+01
5.318279695241274396e+01
5.337508405358853736e+01
5.356756283092155968e+01
5.376023393377764847e+01
5.395309803748148880e+01
5.414615584311250274e+01
5.433940807729339184e+01
5.453285549197143212e+01
5.472649886419286958e+01
5.492033899587018908e+01
5.511437671354278223e+01
5.530861286813082955e+01
5.550304833468280918e+01
5.569768401211650399e+01
5.589252082295394075e+01
5.608755971305019727e+01
5.628280165131641155e+01
5.647824762943704258e+01
5.667389866158153211e+01
5.686975578411074395e+01
5.706582005527809542e+01
5.726209255492578620e+01
5.745857438417616692e+01
5.765526666511851062e+01
5.785217054049140728e+01
5.804928717336088795e+01
5.824661774679457693e+01
5.844416346353214209e+01
5.864192554565197923e+01
5.883990523423470620e+01
5.903810378902353051e+01
5.923652248808155463e+01
5.943516262744660850e+01
5.963402552078356678e+01
5.983311249903443496e+01
6.003242491006655968e+01
6.023196411831912656e+01
6.043173150444825126e+01
6.063172846497079860e+01
6.083195641190734904e+01
6.103241677242453278e+01
6.123311098847688783e+01
6.143404051644870378e+01
6.163520682679597940e+01
6.183661140368877085e+01
6.203825574465440695e+01
6.224014136022152144e+01
6.244226977356561292e+01
6.264464252015599044e+01
6.284726114740476532e+01
6.305012721431787526e+01
6.325324229114879415e+01
6.345660795905485685e+01
6.366022580975680967e+01
6.386409744520165077e+01
6.406822447722927905e+01
6.427260852724309359e+01
6.447725122588508384e+01
6.468215421271530374e+01
6.488731913589653288e+01
6.509274765188413880e+01
6.529844142512152416e+01
6.550440212774148563e+01
6.571063143927375449e+01
6.591713104635907428e+01
6.612390264247021321e+01
6.633094792763985481e+01
6.653826860819636124e+01
6.674586639650668474e+01
6.695374301072797607e+01
6.716190017456693795e+01
6.737033961704825913e+01
6.757906307229167453e+01
6.778807227929824819e+01
6.799736898174623434e+01
6.820695492779641711e+01
6.841683186990762522e+01
6.862700156466242163e+01
6.883746577260295396e+01
6.904822625807788938e+01
6.925928478909987973e+01
6.947064313721429585e+01
6.968230307737904639e+01
6.989426638785593582e+01
7.010653485011356167e+01
7.031911024874199256e+01
7.053199437137901384e+01
7.074518900864863724e+01
7.095869595411153341e+01
7.117251700422735894e+01
7.138665395832936156e+01
7.160110861861116405e+01
7.181588279012548526e+01
7.203097828079516773e+01
7.224639690143608561e+01
7.246214046579197543e+01
7.267821079058121825e+01
7.289460969555526049e+01
7.311133900356853133e+01
7.332840054065950142e+01
7.354579613614309608e+01
7.376352762271361030e+01
7.398159683655831032e+01
7.420000561748082646e+01
7.441875580903462151e+01
7.463784925866548292e+01
7.485728781786296793e+01
7.507707334232010510e+01
7.529720769210086928e+01
7.551769273181481879e+01
7.573853033079825536e+01
7.595972236330122485e+01
7.618127070867964790e+01
7.640317725159174245e+01
7.662544388219806990e+01
7.684807249636408244e+01
7.707106499586456039e+01
7.729442328858874589e+01
7.751814928874529187e+01
7.774224491706590356e+01
7.796671210100672056e+01
7.819155277494593292e+01
7.841676888037696358e+01
7.864236236609566788e+01
7.886833518837998724e+01
7.909468931116160206e+01
7.932142670618729596e+01
7.954854935316913611e+01
7.977605923992194903e+01
8.000395836248659975e+01
8.023224872523749696e+01
8.046093234097303082e+01
8.069001123098693995e+01
8.091948742511954151e+01
8.114936296178687769e+01
8.137963988798618686e+01
8.161032025927620737e+01
8.184140613973056588e+01
8.207289960186243150e+01
8.230480272651934115e+01
8.253711760274566700e+01
8.276984632761198668e+01
8.300299100600912539e+01
8.323655375040527815e+01
8.347053668056537390e+01
8.370494192322975380e+01
8.393977161175220658e+01
8.417502788569464656e+01
8.441071289037755321e+01
8.464682877638517766e+01
8.488337769902319963e+01
8.512036181772866428e+01
8.535778329543033749e+01
8.559564429785892514e+01
8.583394699280553652e+01
8.607269354932844863e+01
8.631188613690628131e+01
8.655152692453796703e+01
8.679161807978843513e+01
8.703216176777945634e+01
8.727316015012588934e+01
8.751461538381676064e+01
8.775652962004137692e+01
8.799890500296058349e+01
8.824174366842348149e+01
8.848504774262994488e+01
8.872881934073990351e+01
8.897306056542984720e+01
8.921777350539765905e+01
8.946296023381697182e+01
8.970862280674221267e+01
8.995476326146616941e+01
9.020138361483128620e+01
9.044848586149683456e+01
9.069607197216406291e+01
9.094414389176125724e+01
9.119270353759142722e+01
9.144175279744462159e+01
9.169129352767848218e+01
9.194132755126894097e+01
9.219185665583471234e+01
9.244288259163860744e+01
9.269440706956901010e+01
9.294643175910489674e+01
9.319895828626809475e+01
9.345198823156643186e+01
9.370552312793168426e+01
9.395956445865598994e+01
9.421411365533127480e+01
9.446917209579495989e+01
9.472474110208679576e+01
9.498082193842078880e+01
9.523741580917614158e+01
9.549452385691195389e+01
9.575214716040954954e+01
9.601028673274674929e+01
9.626894351940852346e+01
9.652811839643780445e+01
9.678781216863117720e+01
9.704802556778267331e+01
9.730875925098057166e+01
9.757001379896041726e+01
9.783178971451842187e+01
9.809408742098860046e+01
9.835690726078757962e+01
9.862024949402993457e+01
9.888411429721779200e+01
9.914850176200725684e+01
9.941341189405515877e+01
9.967884461194782375e+01
9.994479974621548024e+01
1.002112770384335931e+02
1.004782761404138398e+02
1.007457966134860925e+02
1.010138379278731691e+02
1.012823994621598871e+02
1.015514805028572169e+02
1.018210802440625429e+02
1.020911977872167995e+02
1.023618321409585405e+02
1.026329822210755793e+02
1.029046468505536467e+02
1.031768247597218959e+02
1.034495145864948284e+02
1.037227148767097162e+02
1.039964240845584698e+02
1.042706405731127148e+02
1.045453626149408279e+02
1.048205883928150683e+02
1.050963160005068886e+02
1.053725434436686186e+02
1.056492686407992494e+02
1.059264894242916881e+02
1.062042035415593659e+02
1.064824086562390590e+02
1.067611023494674214e+02
1.070402821212283158e+02
1.073199453917673338e+02
1.076000895030714020e+02
1.078807117204089252e+02
1.081618092339282526e+02
1.084433791603105277e+02
1.087254185444735555e+02
1.090079243613233047e+02
1.092908935175494207e+02
1.095743228534614104e+02
1.098582091448617888e+02
1.101425491049527210e+02
1.104273393862726778e+02
1.107125765826596648e+02
1.109982572312373037e+02
1.112843778144208500e+02
1.115709347619392986e+02
1.118579244528705630e+02
1.121453432176863174e+02
1.124331873403036042e+02
1.127214530601397939e+02
1.130101365741681434e+02
1.132992340389711359e+02
1.135887415727882939e+02
1.138786552575564173e+02
1.141689711409392203e+02
1.144596852383440080e+02
1.147507935349229200e+02
1.150422919875565668e+02
1.153341765268179699e+02
1.156264430589144752e+02
1.159190874676060332e+02
1.162121056160977730e+02
1.165054933489053610e+02
1.167992464936913422e+02
1.170933608630713820e+02
1.173878322563884780e+02
1.176826564614545418e+02
1.179778292562574222e+02
1.182733464106334367e+02
1.185692036879031122e+02
1.188653968464707447e+02
1.191619216413858311e+02
1.194587738258665723e+02
1.197559491527844102e+02
1.200534433761095841e+02
1.203512522523170531e+02
1.206493715417523447e+02
1.209477970099578243e+02
1.212465244289586082e+02
1.215455495785081581e+02
1.218448682472941158e+02
1.221444762341039905e+02
1.224443693489506302e+02
1.227445434141584855e+02
1.230449942654105229e+02
1.233457177527556183e+02
1.236467097415778511e+02
1.239479661135273290e+02
1.242494827674130562e+02
1.245512556200589671e+02
1.248532806071229686e+02
