0.000000000000000000e+00
1.836699169547011679e-01
3.585549347235815754e-01
5.248044739894227595e-01
6.826578958432367727e-01
8.324313375426199979e-01
9.745016557274339686e-01
1.109289219504580926e+00
1.237241127321724532e+00
1.358816048510899099e+00
1.474471436045409867e+00
1.584653426624142991e+00
1.689789402947692976e+00
1.790282964763683982e+00
1.886510933134471824e+00
1.978821973392618672e+00
2.067536439034402651e+00
2.152947086948617805e+00
2.235320375519543656e+00
2.314898119255258457e+00
2.391899329904883853e+00
2.466522121523968547e+00
2.538945594982197296e+00
2.609331646652353065e+00
2.677826667741511013e+00
2.744563116352422227e+00
2.809660955245376179e+00
2.873228955575392263e+00
2.935365871558001771e+00
2.996161493814509580e+00
3.055697590631792693e+00
3.114048746962622349e+00
3.171283110995987808e+00
3.227463057760880716e+00
3.282645778643553225e+00
3.336883805001960024e+00
3.390225473321325289e+00
3.442715338617041709e+00
3.494394542083007593e+00
3.545301138321262702e+00
3.595470386880710745e+00
3.644935012281298015e+00
3.693725436205098855e+00
3.741869985094568030e+00
3.789395076007181729e+00
3.836325383230331010e+00
3.882683987856590857e+00
3.928492512252461655e+00
3.973771241119808728e+00
4.018539230644317506e+00
4.062814407045731713e+00
4.106613655688041042e+00
4.149952901770047831e+00
4.192847183496980712e+00
4.235310718528390694e+00
4.277356964405433892e+00
4.318998673580084713e+00
4.360247943597696185e+00
4.401116262922391442e+00
4.441614552839989294e+00
4.481753205825104835e+00
4.521542120716824265e+00
4.560990735009941233e+00
4.600108054535913205e+00
4.638902680778522303e+00
4.677382836043629588e+00
4.715556386679441658e+00
4.753430864523770616e+00
4.791013486736570570e+00
4.828311174160307750e+00
4.865330568336492689e+00
4.902078047294012642e+00
4.938559740213754878e+00
4.974781541063871160e+00
5.010749121291106611e+00
5.046467941645581767e+00
5.081943263209057982e+00
5.117180157690599529e+00
5.152183517047285832e+00
5.186958062482850629e+00
5.221508352872095138e+00
5.255838792654877523e+00
5.289953639239658223e+00
5.323857009952944530e+00
5.357552888568214655e+00
5.391045131444702321e+00
5.424337473304136736e+00
5.457433532671106313e+00
5.490336817000651237e+00
5.523050727514739577e+00
5.555578563767572753e+00
5.587923527958179371e+00
5.620088729007029826e+00
5.652077186412536314e+00
5.683891833901633994e+00
5.715535522887893016e+00
5.747011025749479529e+00
5.778321038938246446e+00
5.809468185930746209e+00
5.840455020030705491e+00
5.871284027032213970e+00
5.901957627752065783e+00
5.932478180438982562e+00
5.962847983067152136e+00
5.993069275520710448e+00
6.023144241675715271e+00
6.053075011385244508e+00
6.082863662373337199e+00
6.112512222042756349e+00
6.142022669201455898e+00
6.171396935712191834e+00
6.200636908069498077e+00
6.229744428907887155e+00
6.258721298445026449e+00
6.287569275863281959e+00
6.316290080632849246e+00
6.344885393779576610e+00
6.373356859100216099e+00
6.401706084327821955e+00
6.429934642249867771e+00
6.458044071781341877e+00
6.486035878995076942e+00
6.513911538111500477e+00
6.541672492449568388e+00
6.569320155341021206e+00
6.596855911009431139e+00
6.624281115415931787e+00
6.651597097072996512e+00
6.678805157827940597e+00
6.705906573617339994e+00
6.732902595193847262e+00
6.759794448826550450e+00
6.786583336976134362e+00
6.813270438945847829e+00
6.839856911509543558e+00
6.866343889517510846e+00
6.892732486481329524e+00
6.919023795138441457e+00
6.945218887997466339e+00
6.971318817864889716e+00
6.997324618354138437e+00
7.023237304377485835e+00
7.049057872621780518e+00
7.074787302008450851e+00
7.100426554138501878e+00
7.125976573723120211e+00
7.151438289000457083e+00
7.176812612139044312e+00
7.202100439628525308e+00
7.227302652658078586e+00
7.252420117483048045e+00
7.277453685780169934e+00
7.302404194992010211e+00
7.327272468660796179e+00
7.352059316752156626e+00
7.376765535969138199e+00
7.401391910056904777e+00
7.425939210098276178e+00
7.450408194800715478e+00
7.474799610774806702e+00
7.499114192804761103e+00
7.523352664111007115e+00
7.547515736605341807e+00
7.571604111138843685e+00
7.595618477742669405e+00
7.619559515862219357e+00
7.643427894584738702e+00
7.667224272860504897e+00
7.690949299718150556e+00
7.714603614473859672e+00
7.738187846935050018e+00
7.761702617598481346e+00
7.785148537843046945e+00
7.808526210117514132e+00
7.831836228123100874e+00
7.855079176991517365e+00
7.878255633458039142e+00
7.901366166030395100e+00
7.924411335152983682e+00
7.947391693367125143e+00
7.970307785467080741e+00
7.993160148652103558e+00
8.015949312674749194e+00
8.038675799985371739e+00
8.061340125873032392e+00
8.083942798602981483e+00
8.106484319550618878e+00
8.128965183332324429e+00
8.151385877932947110e+00
8.173746884830318749e+00
8.196048679116744395e+00
8.218291729617446251e+00
8.240476499006431865e+00
8.262603443919358526e+00
8.284673015063939161e+00
8.306685657327587791e+00
8.328641809882688207e+00
8.350541906289370431e+00
8.372386374595855330e+00
8.394175637436593007e+00
8.415910112128129228e+00
8.437590210762699883e+00
8.459216340299875014e+00
8.480788902656009043e+00
8.502308294791731669e+00
8.523774908797523864e+00
8.545189131977323882e+00
8.566551346930374677e+00
8.587861931631188384e+00
8.609121259507896085e+00
8.630329699518702213e+00
8.651487616226919641e+00
8.672595369874164462e+00
8.693653316452149227e+00
8.714661807772881019e+00
8.735621191537363828e+00
8.756531811402911814e+00
8.777394007048947344e+00
8.798208114241528932e+00
8.818974464896481180e+00
8.839693387141226211e+00
8.860365205375350328e+00
8.880990240329925456e+00
8.901568809125620874e+00
8.922101225329630125e+00
8.942587799011453953e+00
8.963028836797567678e+00
8.983424641924953491e+00
9.003775514293627324e+00
9.024081750518089251e+00
9.044343643977706293e+00
9.064561484866246133e+00
9.084735560240272179e+00
9.104866154066710848e+00
9.124953547269432974e+00
9.144998017775009203e+00
9.164999840557428001e+00
9.184959287682218587e+00
9.204876628349424550e+00
9.224752128936009044e+00
9.244586053037314954e+00
9.264378661507805646e+00
9.284130212501038315e+00
9.303840961508841545e+00
9.323511161399826719e+00
9.343141062457146262e+00
9.362730912415608842e+00
9.382280956497968560e+00
9.401791437450796707e+00
9.421262595579422694e+00
9.440694668782469989e+00
9.460087892585603342e+00
9.479442500174810604e+00
9.498758722428911838e+00
9.518036787951679401e+00
9.537276923103293669e+00
9.556479352031175267e+00
9.575644296700401625e+00
9.594771976923501811e+00
9.613862610389796615e+00
9.632916412694143560e+00
9.651933597365236039e+00
9.670914375893438830e+00
9.689858957758042735e+00
9.708767550454211914e+00
9.727640359519243773e+00
9.746477588558644101e+00
9.765279439271553841e+00
9.784046111475838359e+00
9.802777803132723733e+00
9.821474710371051131e+00
9.840137027511103085e+00
9.858764947087996333e+00
9.877358659874785118e+00
9.895918354905072434e+00
9.914444219495337052e+00
9.932936439266823569e+00
9.951395198167107381e+00
9.969820678491336352e+00
9.988213060903058604e+00
1.000657252445480516e+01
1.002489924660821785e+01
1.004319340325396936e+01
1.006145516873130852e+01
1.007968471584734083e+01
1.009788221589587209e+01
1.011604783867611523e+01
1.013418175251107201e+01
1.015228412426547600e+01
1.017035511936365211e+01
1.018839490180698348e+01
1.020640363419114038e+01
1.022438147772299466e+01
1.024232859223740810e+01
1.026024513621353407e+01
1.027813126679110667e+01
1.029598713978633917e+01
1.031381290970762521e+01
1.033160872977093625e+01
1.034937475191514089e+01
1.036711112681692448e+01
1.038481800390554532e+01
1.040249553137744343e+01
1.042014385621050110e+01
1.043776312417814900e+01
1.045535347986335317e+01
1.047291506667221306e+01
1.049044802684747779e+01
1.050795250148192927e+01
1.052542863053135136e+01
1.054287655282752034e+01
1.056029640609091480e+01
1.057768832694322292e+01
1.059505245091975034e+01
1.061238891248152783e+01
1.062969784502739579e+01
1.064697938090575313e+01
1.066423365142625279e+01
1.068146078687132849e+01
1.069866091650747464e+01
