7.704780375811872695e-01
8.323480150033002456e-01
8.908358522395987134e-01
9.460364528239338933e-01
9.460364528239338933e-01
1.976926699528106068e+00
3.118893969868571592e+00
4.402058433908270452e+00
5.795763038568371606e+00
7.262181174809572148e+00
8.767774304583728195e+00
1.028700562596205437e+01
1.180238546057199223e+01
1.330298391997036056e+01
1.478262846795833241e+01
1.623833528939747595e+01
1.766912963603197184e+01
1.907523054347175417e+01
2.045751824767594940e+01
2.181720088744864583e+01
2.315561380632110300e+01
2.447410370946719382e+01
2.577396553700958393e+01
2.705641123895490807e+01
2.832255732370217771e+01
2.957342306704254042e+01
3.080993445783665052e+01
3.203293094891118642e+01
3.324317330913502389e+01
3.444135161939459522e+01
3.562809290344932123e+01
3.680396814927777882e+01
3.796949862917342955e+01
3.912516151181267077e+01
4.027139480410298233e+01
4.140860168146839015e+01
4.253715427247396264e+01
4.365739696345305987e+01
4.476964928467086224e+01
4.587420843370463075e+01
4.697135148530972515e+01
4.806133733077635384e+01
4.914440838395258737e+01
5.022079208588292687e+01
5.129070223544484719e+01
5.235434016936579127e+01
5.341189581162935696e+01
5.446354860930743769e+01
5.550946836946535257e+01
5.654981600958999621e+01
5.758474423230500605e+01
5.861439813355116968e+01
5.963891575218315211e+01
6.065842856783098114e+01
6.167306195294245441e+01
6.268293558415552980e+01
6.368816381747485167e+01
6.468885603114324567e+01
6.568511693962526010e+01
6.667704688168768712e+01
6.766474208520106970e+01
6.864829491098110736e+01
6.962779407770595697e+01
7.060332486972420440e+01
7.157496932934505196e+01
7.254280643505524040e+01
7.350691226692559610e+01
7.446736016033132444e+01
7.542422084902322865e+01
7.637756259844803708e+01
7.732745133014276462e+01
7.827395073792824576e+01
7.921712239659495935e+01
8.015702586364709248e+01
8.109371877467364698e+01
8.202725693283326791e+01
8.295769439289634306e+01
8.388508354026183156e+01
8.480947516530711994e+01
8.573091853342035051e+01
8.664946145101936281e+01
8.756515032784415098e+01
8.847803023578244108e+01
8.938814496445328928e+01
9.029553707379243122e+01
9.120024794381946265e+01
9.210231782177255866e+01
9.300178586680648607e+01
9.389869019236795111e+01
9.479306790643808256e+01
9.568495514975207072e+01
9.657438713211728043e+01
9.746139816696341995e+01
9.834602170421746337e+01
9.922829036160925398e+01
1.001082359544944040e+02
1.009858895242932419e+02
1.018612813656045404e+02
1.027344410520846196e+02
1.036053974611735811e+02
1.044741787976956573e+02
1.053408126164176224e+02
1.062053258436491632e+02
1.070677447978700343e+02
1.079280952095086406e+02
1.087864022398521797e+02
1.096426904991948987e+02
1.104969840642063019e+02
1.113493064946046189e+02
1.121996808491398525e+02
1.130481297009351636e+02
1.138946751522282312e+02
1.147393388485077850e+02
1.155821419921196878e+02
1.164231053553287012e+02
1.172622492928858264e+02
1.180995937541194962e+02
1.189351582945647579e+02
1.197689620871578597e+02
1.206010239330236260e+02
1.214313622718594985e+02
1.222599951919465582e+02
1.230869404397939348e+02
1.239122154294421279e+02
