1.000000000000000056e-01
7.714285714285714635e-01
1.442857142857143060e+00
2.114285714285714324e+00
2.785714285714286031e+00
3.457142857142857739e+00
4.128571428571428115e+00
4.799999999999999822e+00
5.471428571428571530e+00
6.142857142857143238e+00
6.814285714285714946e+00
7.485714285714285765e+00
8.157142857142856585e+00
8.828571428571429180e+00
9.500000000000000000e+00
1.017142857142857260e+01
1.084285714285714342e+01
1.151428571428571423e+01
1.218571428571428683e+01
1.285714285714285765e+01
1.352857142857143025e+01
1.420000000000000107e+01
1.487142857142857189e+01
1.554285714285714448e+01
1.621428571428571530e+01
1.688571428571428967e+01
1.755714285714286049e+01
1.822857142857143131e+01
1.890000000000000213e+01
1.957142857142857295e+01
2.024285714285714732e+01
2.091428571428571814e+01
2.158571428571428896e+01
2.225714285714285978e+01
2.292857142857143060e+01
2.360000000000000497e+01
2.427142857142857579e+01
2.494285714285714661e+01
2.561428571428571743e+01
2.628571428571428825e+01
2.695714285714286262e+01
2.762857142857143344e+01
2.830000000000000426e+01
2.897142857142857508e+01
2.964285714285714590e+01
3.031428571428571672e+01
3.098571428571429109e+01
3.165714285714286191e+01
3.232857142857142918e+01
3.300000000000000711e+01
3.367142857142857792e+01
3.434285714285714874e+01
3.501428571428571956e+01
3.568571428571429038e+01
3.635714285714286120e+01
3.702857142857143202e+01
3.770000000000000284e+01
3.837142857142857366e+01
3.904285714285714448e+01
3.971428571428572241e+01
4.038571428571429323e+01
4.105714285714286405e+01
4.172857142857143486e+01
4.240000000000000568e+01
4.307142857142857650e+01
4.374285714285714732e+01
4.441428571428571814e+01
4.508571428571428896e+01
4.575714285714285978e+01
4.642857142857143060e+01
4.710000000000000853e+01
4.777142857142857935e+01
4.844285714285715017e+01
4.911428571428572099e+01
4.978571428571429180e+01
5.045714285714286262e+01
5.112857142857143344e+01
5.180000000000000426e+01
5.247142857142857508e+01
5.314285714285714590e+01
5.381428571428572383e+01
5.448571428571429465e+01
5.515714285714286547e+01
5.582857142857143629e+01
5.650000000000000711e+01
5.717142857142857792e+01
5.784285714285714874e+01
5.851428571428571956e+01
5.918571428571429038e+01
5.985714285714286120e+01
6.052857142857143202e+01
6.120000000000000995e+01
6.187142857142858077e+01
6.254285714285715159e+01
6.321428571428572241e+01
6.388571428571429323e+01
6.455714285714284983e+01
6.522857142857142776e+01
6.590000000000000568e+01
6.657142857142856940e+01
6.724285714285714732e+01
6.791428571428571104e+01
6.858571428571428896e+01
6.925714285714285268e+01
6.992857142857143060e+01
7.059999999999999432e+01
7.127142857142857224e+01
7.194285714285715017e+01
7.261428571428571388e+01
7.328571428571429180e+01
7.395714285714285552e+01
7.462857142857143344e+01
7.529999999999999716e+01
7.597142857142857508e+01
7.664285714285713880e+01
7.731428571428571672e+01
7.798571428571428044e+01
7.865714285714285836e+01
7.932857142857143629e+01
8.000000000000000000e+01
