1.000000000000000000e+02
1.001883334472475724e+02
1.003771582315994095e+02
1.005664743266526955e+02
1.007562816884089614e+02
1.009465802552831946e+02
1.011373699481168416e+02
1.013286506701943637e+02
1.015204223072633880e+02
1.017126847275587807e+02
1.019054377818300594e+02
1.020986813033726435e+02
1.022924151080626416e+02
1.024866389943952214e+02
1.026813527435265883e+02
1.028765561193195452e+02
1.030722488683925633e+02
1.032684307201722760e+02
1.034651013869496268e+02
1.036622605639392987e+02
1.038599079293428105e+02
1.040580431444145830e+02
1.042566658535319277e+02
1.044557756842678629e+02
1.046553722474675112e+02
1.048554551373276098e+02
1.050560239314793733e+02
1.052570781910744131e+02
1.054586174608737679e+02
1.056606412693401609e+02
1.058631491287331414e+02
1.060661405352073672e+02
1.062696149689137712e+02
1.064735718941035429e+02
1.066780107592352067e+02
1.068829309970841592e+02
1.070883320248553616e+02
1.072942132442983336e+02
1.075005740418250753e+02
1.077074137886304186e+02
1.079147318408150653e+02
1.081225275395108696e+02
1.083308002110088069e+02
1.085395491668891594e+02
1.087487737041539475e+02
1.089584731053617617e+02
1.091686466387646561e+02
1.093792935584472588e+02
1.095904131044678280e+02
1.098020045030014273e+02
1.100140669664849753e+02
1.102265996937641148e+02
1.104396018702421003e+02
1.106530726680301910e+02
1.108670112460998496e+02
1.110814167504365173e+02
1.112962883141951806e+02
1.115116250578568469e+02
1.117274260893872935e+02
1.119436905043963293e+02
1.121604173862989740e+02
1.123776058064776038e+02
1.125952548244453340e+02
1.128133634880104381e+02
1.130319308334420327e+02
1.132509558856363441e+02
1.134704376582843821e+02
1.136903751540401402e+02
1.139107673646896046e+02
1.141316132713207026e+02
1.143529118444937893e+02
1.145746620444125483e+02
1.147968628210959139e+02
1.150195131145500653e+02
1.152426118549410035e+02
1.154661579627674826e+02
1.156901503490343828e+02
1.159145879154260257e+02
1.161394695544799589e+02
1.163647941497608542e+02
1.165905605760343349e+02
1.168167676994409589e+02
1.170434143776702314e+02
1.172704994601342605e+02
1.174980217881416138e+02
1.177259801950708891e+02
1.179543735065437744e+02
1.181832005405983210e+02
1.184124601078614916e+02
1.186421510117213387e+02
1.188722720484991129e+02
1.191028220076203894e+02
1.193337996717860392e+02
1.195652038171425176e+02
1.197970332134513995e+02
1.200292866242586172e+02
1.202619628070625595e+02
1.204950605134817465e+02
1.207285784894215652e+02
1.209625154752403517e+02
1.211968702059143510e+02
1.214316414112020652e+02
1.216668278158075225e+02
1.219024281395425220e+02
1.221384410974880979e+02
1.223748654001547465e+02
1.226116997536416307e+02
1.228489428597948177e+02
1.230865934163642095e+02
1.233246501171594502e+02
1.235631116522045971e+02
1.238019767078916118e+02
1.240412439671326013e+02
1.242809121095107940e+02
1.245209798114302515e+02
1.247614457462642150e+02
1.250023085845022592e+02
1.252435669938959961e+02
1.254852196396033577e+02
1.257272651843315998e+02
1.259697022884788993e+02
1.262125296102744585e+02
1.264557458059171893e+02
1.266993495297129186e+02
1.269433394342103156e+02
1.271877141703349423e+02
1.274324723875222816e+02
1.276776127338488322e+02
1.279231338561620674e+02
1.281690344002084885e+02
1.284153130107603999e+02
1.286619683317410363e+02
1.289089990063483242e+02
1.291564036771766268e+02
1.294041809863374510e+02
1.296523295755781930e+02
1.299008480863995487e+02
1.301497351601712467e+02
1.303989894382461046e+02
1.306486095620726928e+02
1.308985941733061793e+02
1.311489419139178949e+02
1.313996514263028246e+02
1.316507213533861602e+02
1.319021503387275800e+02
1.321539370266245044e+02
1.324060800622132774e+02
1.326585780915691259e+02
1.329114297618045839e+02
1.331646337211657283e+02
1.334181886191276760e+02
1.336720931064879210e+02
1.339263458354581928e+02
1.341809454597551508e+02
1.344358906346888602e+02
1.346911800172503604e+02
1.349468122661972416e+02
1.352027860421378307e+02
1.354591000076140972e+02
1.357157528271824845e+02
1.359727431674937748e+02
1.362300696973712490e+02
1.364877310878871697e+02
1.367457260124380412e+02
1.370040531468183929e+02
1.372627111692927997e+02
1.375216987606668226e+02
1.377810146043562440e+02
1.380406573864549955e+02
1.383006257958016647e+02
1.385609185240444106e+02
1.388215342657049121e+02
1.390824717182402992e+02
1.393437295821043165e+02
1.396053065608067243e+02
1.398672013609715634e+02
1.401294126923939700e+02
1.403919392680957685e+02
1.406547798043795012e+02
1.409179330208815770e+02
1.411813976406237714e+02
1.414451723900637035e+02
1.417092559991436360e+02
1.419736472013387925e+02
1.422383447337036557e+02
1.425033473369173862e+02
1.427686537553282164e+02
1.430342627369963395e+02
1.433001730337356605e+02
1.435663834011547806e+02
1.438328925986961337e+02
1.440996993896746972e+02
1.443668025413151668e+02
1.446342008247879960e+02
1.449018930152447524e+02
1.451698778918518826e+02
1.454381542378238521e+02
1.457067208404547785e+02
1.459755764911496385e+02
1.462447199854537701e+02
1.465141501230819756e+02
1.467838657079462905e+02
1.470538655481826709e+02
1.473241484561771699e+02
1.475947132485907787e+02
1.478655587463833285e+02
1.481366837748368539e+02
1.484080871635775338e+02
1.486797677465971219e+02
1.489517243622732963e+02
1.492239558533893273e+02
1.494964610671526657e+02
1.497692388552127625e+02
1.500422880736782361e+02
1.503156075831330725e+02
1.505891962486518878e+02
1.508630529398148781e+02
1.511371765307212627e+02
1.514115659000027847e+02
1.516862199308357901e+02
1.519611375109531366e+02
1.522363175326547093e+02
1.525117588928179941e+02
1.527874604929072859e+02
1.530634212389827553e+02
1.533396400417083498e+02
1.536161158163594109e+02
1.538928474828295805e+02
1.541698339656367409e+02
1.544470741939288700e+02
1.547245671014889297e+02
1.550023116267391288e+02
1.552803067127447321e+02
1.555585513072173569e+02
1.558370443625175028e+02
1.561157848356566546e+02
1.563947716882988175e+02
1.566740038867616249e+02
1.569534804020164813e+02
1.572332002096889596e+02
1.575131622900580055e+02
1.577933656280549144e+02
1.580738092132618817e+02
1.583544920399100420e+02
1.586354131068769107e+02
1.589165714176837128e+02
1.591979659804916878e+02
1.594795958080987930e+02
1.597614599179350705e+02
1.600435573320583558e+02
1.603258870771490479e+02
1.606084481845048799e+02
1.608912396900350643e+02
1.611742606342541819e+02
1.614575100622754178e+02
1.617409870238041094e+02
1.620246905731300444e+02
1.623086197691201278e+02
1.625927736752105091e+02
1.628771513593980558e+02
1.631617518942322249e+02
1.634465743568056268e+02
1.637316178287454136e+02
1.640168813962034449e+02
1.643023641498465679e+02
1.645880651848467835e+02
1.648739836008706163e+02
1.651601185020687694e+02
1.654464689970652671e+02
1.657330341989462568e+02
1.660198132252486971e+02
1.663068051979488473e+02
1.665940092434504152e+02
1.668814244925725347e+02
1.671690500805374597e+02
1.674568851469582853e+02
1.677449288358259594e+02
1.680331802954966633e+02
1.683216386786787098e+02
1.686103031424192693e+02
1.688991728480908137e+02
1.691882469613776436e+02
1.694775246522621615e+02
1.697670050950106031e+02
1.700566874681593390e+02
1.703465709545003222e+02
1.706366547410666783e+02
1.709269380191183529e+02
1.712174199841271616e+02
1.715080998357620388e+02
1.717989767778741736e+02
1.720900500184817190e+02
1.723813187697546425e+02
1.726727822479995780e+02
1.729644396736440228e+02
1.732562902712211041e+02
1.735483332693536909e+02
1.738405679007388187e+02
1.741329934021316888e+02
1.744256090143297513e+02
1.747184139821567612e+02
1.750114075544466061e+02
1.753045889840269638e+02
1.755979575277033291e+02
1.758915124462424444e+02
1.761852530043559284e+02
1.764791784706837632e+02
1.767732881177778665e+02
1.770675812220854937e+02
1.773620570639322693e+02
1.776567149275060160e+02
1.779515541008395303e+02
1.782465738757940130e+02
1.785417735480421300e+02
1.788371524170511861e+02
1.791327097860662150e+02
1.794284449620929252e+02
1.797243572558808467e+02
1.800204459819061924e+02
1.803167104583548905e+02
