8.100000000000000000e+01
8.118836415616881652e+01
8.137728106380988891e+01
8.156675068609831669e+01
8.175677296166993813e+01
8.194734780463728896e+01
8.213847510461194190e+01
8.233015472673328361e+01
8.252238651170348760e+01
8.271517027582896731e+01
8.290850581106799666e+01
8.310239288508472555e+01
8.329683124130926331e+01
8.349182059900412867e+01
8.368736065333672514e+01
8.388345107545801227e+01
8.408009151258717395e+01
8.427728158810229786e+01
8.447502090163706612e+01
8.467330902918324398e+01
8.487214552319906602e+01
8.507152991272337772e+01
8.527146170349543297e+01
8.547194037808031908e+01
8.567296539599993821e+01
8.587453619386943160e+01
8.607665218553901809e+01
8.627931276224111912e+01
8.648251729274257116e+01
8.668626512350216728e+01
8.689055557883304459e+01
8.709538796107011649e+01
8.730076155074216615e+01
8.750667560674892798e+01
8.771312936654246073e+01
8.792012204631339500e+01
8.812765284118134446e+01
8.833572092538959453e+01
8.854432545250425335e+01
8.875346555561715434e+01
8.896314034755302202e+01
8.917334892108021904e+01
8.938409034912540108e+01
8.959536368499178138e+01
8.980716796258079171e+01
9.001950219661722485e+01
9.023236538287753206e+01
9.044575649842141729e+01
9.065967450182620269e+01
9.087411833342432033e+01
9.108908691554346149e+01
9.130457915274932645e+01
9.152059393209100335e+01
9.173713012334864914e+01
9.195418657928350115e+01
9.217176213588999190e+01
9.238985561264995283e+01
9.260846581278860867e+01
9.282759152353249021e+01
9.304723151636886769e+01
9.326738454730680417e+01
9.348804935713964426e+01
9.370922467170868231e+01
9.393090920216809536e+01
9.415310164525089931e+01
9.437580068353584295e+01
9.459900498571515470e+01
9.482271320686297145e+01
9.504692398870426473e+01
9.527163595988440647e+01
9.549684773623901890e+01
9.572255792106406602e+01
9.594876510538617254e+01
9.617546786823277216e+01
9.640266477690254021e+01
9.663035438723528614e+01
9.685853524388191715e+01
9.708720588057371970e+01
9.731636482039137093e+01
9.754601057603338177e+01
9.777614165008372993e+01
9.800675653527893871e+01
9.823785371477416106e+01
9.846943166240839673e+01
9.870148884296871472e+01
9.893402371245326776e+01
9.916703471833326944e+01
9.940052029981362125e+01
9.963447888809217545e+01
9.986890890661764786e+01
1.001038087713459674e+02
1.003391768909951196e+02
1.005750116672983410e+02
1.008113114952555947e+02
1.010480747633832834e+02
1.012852998539620870e+02
1.015229851432831509e+02
1.017611290018919163e+02
1.019997297948302588e+02
1.022387858818765096e+02
1.024782956177832745e+02
1.027182573525132057e+02
1.029586694314724724e+02
1.031995301957419855e+02
1.034408379823064337e+02
1.036825911242808473e+02
1.039247879511348742e+02
1.041674267889144829e+02
1.044105059604615491e+02
1.046540237856305566e+02
1.048979785815029828e+02
1.051423686625992815e+02
1.053871923410879390e+02
1.056324479269922563e+02
1.058781337283943316e+02
1.061242480516364992e+02
1.063707892015199974e+02
1.066177554815010495e+02
1.068651451938841745e+02
1.071129566400129107e+02
1.073611881204576264e+02
1.076098379352007441e+02
1.078589043838191230e+02
1.081083857656638259e+02
1.083582803800369021e+02
1.086085865263656132e+02
1.088593025043737583e+02
1.091104266142503292e+02
1.093619571568152651e+02
1.096138924336825227e+02
1.098662307474203885e+02
1.101189704017089497e+02
1.103721097014948356e+02
1.106256469531432174e+02
1.108795804645870646e+02
1.111339085454735738e+02
1.113886295073079964e+02
1.116437416635946249e+02
1.118992433299750502e+02
1.121551328243639034e+02
1.124114084670816709e+02
1.126680685809849649e+02
1.129251114915941514e+02
1.131825355272182492e+02
1.134403390190772711e+02
1.136985203014218655e+02
1.139570777116505269e+02
1.142160095904240364e+02
1.144753142817775000e+02
1.147349901332297435e+02
1.149950354958903347e+02
1.152554487245638768e+02
1.155162281778521134e+02
1.157773722182534186e+02
1.160388792122598005e+02
1.163007475304516873e+02
1.165629755475902556e+02
1.168255616427072994e+02
1.170885041991929540e+02
1.173518016048809471e+02
1.176154522521316750e+02
1.178794545379130341e+02
1.181438068638789645e+02
1.184085076364457620e+02
1.186735552668664013e+02
1.189389481713024281e+02
1.192046847708939907e+02
1.194707634918276682e+02
1.197371827654022098e+02
1.200039410280922283e+02
1.202710367216099598e+02
1.205384682929650353e+02
1.208062341945221618e+02
1.210743328840570712e+02
1.213427628248103360e+02
1.216115224855396804e+02
1.218806103405699446e+02
1.221500248698416868e+02
1.224197645589577093e+02
1.226898278992279927e+02
1.229602133877127841e+02
1.232309195272640636e+02
1.235019448265653068e+02
1.237732878001694701e+02
1.240449469685356405e+02
1.243169208580638099e+02
1.245892080011281848e+02
1.248618069361090193e+02
1.251347162074228549e+02
1.254079343655512560e+02
1.256814599670681929e+02
1.259552915746658215e+02
1.262294277571790815e+02
1.265038670896086330e+02
1.267786081531427129e+02
1.270536495351774846e+02
1.273289898293361802e+02
1.276046276354868354e+02
1.278805615597588883e+02
1.281567902145585833e+02
1.284333122185829268e+02
1.287101261968329311e+02
1.289872307806250262e+02
1.292646246076020304e+02
1.295423063217425863e+02
1.298202745733696020e+02
1.300985280191576123e+02
1.303770653221393445e+02
1.306558851517108053e+02
1.309349861836357434e+02
1.312143671000491167e+02
1.314940265894593381e+02
1.317739633467499516e+02
1.320541760731800309e+02
1.323346634763840939e+02
1.326154242703707098e+02
1.328964571755207658e+02
1.331777609185842834e+02
1.334593342326770653e+02
1.337411758572760618e+02
1.340232845382144262e+02
1.343056590276752331e+02
1.345882980841850838e+02
1.348712004726065459e+02
1.351543649641301954e+02
1.354377903362657776e+02
1.357214753728327423e+02
1.360054188639503536e+02
1.362896196060269460e+02
1.365740764017484139e+02
1.368587880600668427e+02
1.371437533961875204e+02
1.374289712315562610e+02
1.377144403938457629e+02
1.380001597169414822e+02
1.382861280409272524e+02
1.385723442120698792e+02
1.388588070828039065e+02
1.391455155117153026e+02
1.394324683635251461e+02
1.397196645090727429e+02
1.400071028252981478e+02
1.402947821952244567e+02
1.405827015079396176e+02
1.408708596585779276e+02
1.411592555483011893e+02
1.414478880842791853e+02
1.417367561796703512e+02
1.420258587536015682e+02
1.423151947311479546e+02
1.426047630433124311e+02
1.428945626270044045e+02
1.431845924250189910e+02
1.434748513860153025e+02
1.437653384644947323e+02
1.440560526207790133e+02
1.443469928209878219e+02
1.446381580370164954e+02
1.449295472465129819e+02
1.452211594328551882e+02
1.455129935851277310e+02
1.458050486980985170e+02
1.460973237721950966e+02
1.463898178134811587e+02
1.466825298336324863e+02
1.469754588499127976e+02
1.472686038851497017e+02
1.475619639677099713e+02
1.478555381314754698e+02
1.481493254158179127e+02
1.484433248655746809e+02
1.487375355310233260e+02
1.490319564678569009e+02
1.493265867371586637e+02
1.496214254053768116e+02
1.499164715442992986e+02
1.502117242310281995e+02
1.505071825479543008e+02
1.508028455827315497e+02
1.510987124282513605e+02
1.513947821826168365e+02
1.516910539491171619e+02
1.519875268362015106e+02
1.522841999574535521e+02
1.525810724315650759e+02
1.528781433823105260e+02
1.531754119385206252e+02
1.534728772340565683e+02
1.537705384077839881e+02
1.540683946035468068e+02
1.543664449701413162e+02
1.546646886612900573e+02
1.549631248356156732e+02
1.552617526566149593e+02
1.555605712926327442e+02
1.558595799168358838e+02
1.561587777071872267e+02
1.564581638464193816e+02
1.567577375220090232e+02
1.570574979261507735e+02
1.573574442557311670e+02
1.576575757123028723e+02
1.579578915020586862e+02
1.582583908358057272e+02
1.585590729289396563e+02
1.588599370014188708e+02
1.591609822777386682e+02
1.594622079869058098e+02
1.597636133624126558e+02
1.600651976422116718e+02
1.603669600686900196e+02
1.606688998886438924e+02
1.609710163532532192e+02
1.612733087180563700e+02
1.615757762429247748e+02
1.618784181920377705e+02
1.621812338338574762e+02
1.624842224411036398e+02
1.627873832907287976e+02
1.630907156638931497e+02
