1.000000000000000000e+02
1.001883334472475724e+02
1.003771582315993953e+02
1.005664743266526813e+02
1.007562816884089472e+02
1.009465802552831946e+02
1.011373699481168416e+02
1.013286506701943495e+02
1.015204223072633880e+02
1.017126847275587664e+02
1.019054377818300594e+02
1.020986813033726435e+02
1.022924151080626416e+02
1.024866389943952072e+02
1.026813527435265740e+02
1.028765561193195310e+02
1.030722488683925633e+02
1.032684307201722760e+02
1.034651013869496126e+02
1.036622605639392987e+02
1.038599079293427678e+02
1.040580431444145404e+02
1.042566658535318567e+02
1.044557756842677492e+02
1.046553722474673123e+02
1.048554551373273256e+02
1.050560239314789470e+02
1.052570781910737878e+02
1.054586174608728584e+02
1.056606412693388677e+02
1.058631491287313224e+02
1.060661405352048661e+02
1.062696149689103322e+02
1.064735718940988818e+02
1.066780107592289255e+02
1.068829309970758032e+02
1.070883320248442914e+02
1.072942132442838101e+02
1.075005740418061464e+02
1.077074137886059191e+02
1.079147318407835456e+02
1.081225275394706102e+02
1.083308002109576904e+02
1.085395491668246279e+02
1.087487737040729030e+02
1.089584731052605377e+02
1.091686466386388332e+02
1.093792935582916215e+02
1.095904131042762231e+02
1.098020045027665361e+02
1.100140669661982145e+02
1.102265996934154799e+02
1.104396018698198816e+02
1.106530726675207461e+02
1.108670112454873760e+02
1.110814167497027682e+02
1.112962883133190388e+02
1.115116250568141254e+02
1.117274260881501391e+02
1.119436905029329097e+02
1.121604173845729804e+02
1.123776058044476684e+02
1.125952548220644616e+02
1.128133634852253522e+02
1.130319308301924224e+02
1.132509558818541819e+02
1.134704376538930006e+02
1.136903751489533221e+02
1.139107673588106451e+02
1.141316132645412011e+02
1.143529118366925275e+02
1.145746620354542813e+02
1.147968628108298930e+02
1.150195131028085882e+02
1.152426118415377800e+02
1.154661579474959581e+02
1.156901503316657767e+02
1.159145878957073990e+02
1.161394695321321109e+02
1.163647941244758925e+02
1.165905605474732738e+02
1.168167676672311472e+02
1.170434143414023396e+02
1.172704994193595098e+02
1.174980217423684081e+02
1.177259801437614044e+02
1.179543734491104203e+02
1.181832004763997759e+02
1.184124600361985671e+02
1.186421509318327736e+02
1.188722719595567554e+02
1.191028219087244366e+02
1.193337995619597649e+02
1.195652036953268293e+02
1.197970330784990836e+02
1.200292864749280994e+02
1.202619626420115679e+02
1.204950603312604045e+02
1.207285782884653145e+02
1.209625152538623070e+02
1.211968699622973986e+02
1.214316411433905500e+02
1.216668275216983659e+02
1.219024278168761555e+02
1.221384407438387143e+02
1.223748650129201536e+02
1.226116993300327209e+02
1.228489423968243699e+02
1.230865929108353356e+02
1.233246495656534165e+02
1.235631110510681339e+02
1.238019760532235978e+02
1.240412432547702650e+02
1.242809113350152472e+02
1.245209789700714111e+02
1.247614448330051573e+02
1.250023075939828487e+02
1.252435659204157901e+02
1.254852184771040413e+02
1.257272639263784555e+02
1.259697009282417781e+02
1.262125281405077999e+02
1.264557442189394294e+02
1.266993478173851599e+02
1.269433375879139589e+02
1.271877121809488216e+02
1.274324702453986617e+02
1.276776104287888103e+02
1.279231313773898933e+02
1.281690317363451186e+02
1.284153101497961700e+02
1.286619652610073103e+02
1.289089957124881209e+02
1.291564001461144926e+02
1.294041772032481958e+02
1.296523255248547741e+02
1.299008437516197318e+02
1.301497305240632159e+02
1.303989844826532760e+02
1.306486042679172499e+02
1.308985885205514705e+02
1.311489358815298090e+02
1.313996449922101135e+02
1.316507144944392849e+02
1.319021430306568732e+02
1.321539292439966289e+02
1.324060717783868313e+02
1.326585692786489972e+02
1.329114203905947704e+02
1.331646237611213337e+02
1.334181780383051716e+02
1.336720818714945267e+02
1.339263339113997517e+02
1.341809328101825827e+02
1.344358772215434499e+02
1.346911658008075960e+02
1.349467972050093181e+02
1.352027700929748164e+02
1.354590831254033674e+02
1.357157349649473588e+02
1.359727242762901369e+02
1.362300497262229158e+02
1.364877099837198671e+02
1.367457037200119601e+02
1.370040296086589251e+02
1.372626863256202228e+02
1.375216725493241086e+02
1.377809869607354472e+02
1.380406282434223044e+02
1.383005950836205216e+02
1.385608861702974650e+02
1.388215001952140142e+02
1.390824358529852418e+02
1.393436918411398722e+02
1.396052668601779203e+02
1.398671596136276492e+02
1.401293688081004234e+02
1.403918931533449381e+02
1.406547313622995432e+02
1.409178821511436297e+02
1.411813442393476237e+02
1.414451163497217010e+02
1.417091972084630527e+02
1.419735855452023543e+02
1.422382800930484734e+02
1.425032795886322674e+02
1.427685827721491876e+02
1.430341883874005191e+02
1.433000951818334272e+02
1.435663019065802644e+02
1.438328073164960301e+02
1.440996101701952341e+02
1.443667092300876220e+02
1.446341032624121965e+02
1.449017910372710389e+02
1.451697713286615112e+02
1.454380429145072924e+02
1.457066045766887328e+02
1.459754551010719297e+02
1.462445932775370068e+02
1.465140179000050580e+02
1.467837277664643807e+02
1.470537216789956574e+02
1.473239984437960572e+02
1.475945568712027409e+02
1.478653957757147737e+02
1.481365139760150669e+02
1.484079102949903870e+02
1.486795835597512792e+02
1.489515326016507970e+02
1.492237562563021811e+02
1.494962533635961108e+02
1.497690227677169048e+02
1.500420633171576128e+02
1.503153738647351929e+02
1.505889532676035572e+02
1.508628003872672991e+02
1.511369140895933754e+02
1.514112932448229571e+02
1.516859367275820603e+02
1.519608434168916347e+02
1.522360121961768300e+02
1.525114419532757779e+02
1.527871315804472374e+02
1.530630799743781836e+02
1.533392860361903445e+02
1.536157486714459992e+02
1.538924667901535486e+02
1.541694393067719773e+02
1.544466651402152308e+02
1.547241432138555410e+02
1.550018724555262679e+02
1.552798517975245431e+02
1.555580801766126626e+02
1.558365565340196497e+02
1.561152798154417951e+02
1.563942489710426855e+02
1.566734629554531750e+02
1.569529207277701914e+02
1.572326212515555710e+02
1.575125634948342679e+02
1.577927464300916256e+02
1.580731690342712739e+02
1.583538302887712348e+02
1.586347291794407113e+02
1.589158646965756816e+02
1.591972358349145793e+02
1.594788415936331205e+02
1.597606809763391880e+02
1.600427529910669193e+02
1.603250566502707386e+02
1.606075909708186202e+02
1.608903549739854668e+02
1.611733476854457194e+02
1.614565681352658828e+02
1.617400153578965387e+02
1.620236883921641322e+02
1.623075862812624166e+02
1.625917080727435859e+02
1.628760528185090664e+02
1.631606195748000232e+02
1.634454074021876693e+02
1.637304153655630614e+02
1.640156425341270392e+02
1.643010879813793110e+02
1.645867507851077391e+02
1.648726300273775109e+02
1.651587247945193155e+02
1.654450341771180888e+02
1.657315572700011046e+02
1.660182931722260378e+02
1.663052409870685722e+02
1.665923998220099804e+02
1.668797687887245615e+02
1.671673470030667090e+02
1.674551335850579505e+02
1.677431276588735614e+02
1.680313283528293482e+02
1.683197347993678932e+02
1.686083461350449966e+02
1.688971615005156650e+02
1.691861800405200427e+02
1.694754009038693994e+02
1.697648232434314366e+02
1.700544462161161618e+02
1.703442689828610526e+02
1.706342907086164757e+02
1.709245105623306245e+02
1.712149277169347670e+02
1.715055413493280412e+02
1.717963506403621921e+02
1.720873547748263945e+02
1.723785529414318205e+02
1.726699443327961490e+02
1.729615281454279341e+02
1.732533035797110301e+02
1.735452698398887890e+02
1.738374261340482860e+02
1.741297716741043757e+02
1.744223056757836616e+02
1.747150273586087508e+02
1.750079359458818544e+02
1.753010306646688434e+02
1.755943107457829342e+02
1.758877754237686020e+02
1.761814239368850963e+02
1.764752555270902690e+02
1.767692694400241180e+02
1.770634649249923882e+02
1.773578412349502003e+02
1.776523976264855662e+02
1.779471333598027911e+02
1.782420476987060454e+02
1.785371399105828516e+02
1.788324092663874865e+02
1.791278550406243824e+02
1.794234765113316428e+02
1.797192729600643020e+02
1.800152436718778688e+02
1.803113879353116431e+02
