1.000000000000000000e+00
1.092951298556640305e+00
1.183768735012540541e+00
1.272528153452179955e+00
1.359303734917833406e+00
1.444167829638976608e+00
1.527190822965715844e+00
1.608441032006072247e+00
1.687984629909311307e+00
1.765885594763643152e+00
1.842205680167138038e+00
1.917004404670676010e+00
1.990339057465151607e+00
2.062264717881385323e+00
2.132834286479057262e+00
2.202098525712945953e+00
2.270106108374454479e+00
2.336903672209256655e+00
2.402535879304070310e+00
2.467045479015656628e+00
2.530473373380844659e+00
2.592858684098021893e+00
2.654238820307023961e+00
2.714649546517152512e+00
2.774125050141599491e+00
2.832698008192679584e+00
2.890399652776087791e+00
2.947259835095696445e+00
3.003307087743306347e+00
3.058568685102167617e+00
3.113070701738940294e+00
3.166838068698492492e+00
3.219894627648168584e+00
3.272263182846169904e+00
3.323965550930990442e+00
3.375022608547694869e+00
3.425454337841709496e+00
3.475279869862810678e+00
3.524517525931400108e+00
3.573184857026353356e+00
3.621298681258909635e+00
3.668875119501053828e+00
3.715929629238981846e+00
3.762477036723950619e+00
3.808531567492918324e+00
3.854106875331375637e+00
3.899216069749951163e+00
3.943871742044692930e+00
3.988085990009931692e+00
4.031870441369857616e+00
4.075236275993607826e+00
4.118194246955628302e+00
4.160754700501287928e+00
4.202927594974789294e+00
4.244722518764246999e+00
4.286148707316196571e+00
4.327215059269317265e+00
4.367930151754843671e+00
4.408302254908774032e+00
4.448339345638520292e+00
4.488049120684740600e+00
4.527439009016686278e+00
4.566516183597472356e+00
4.605287572553763198e+00
4.643759869782392968e+00
4.681939545024617289e+00
4.719832853437226028e+00
4.757445844687795855e+00
4.794784371600085748e+00
4.831854098374003037e+00
4.868660508403229059e+00
4.905208911712215958e+00
4.941504452033131933e+00
4.977552113542150103e+00
5.013356727273222013e+00
5.048922977226745878e+00
5.084255406189149618e+00
5.119358421278958460e+00
5.154236299233563301e+00
5.188893191450489439e+00
5.223333128795931479e+00
5.257560026192748204e+00
5.291577686999321628e+00
5.325389807190029856e+00
5.358999979347723652e+00
5.392411696477564576e+00
5.425628355651515911e+00
5.458653261491981823e+00
5.491489629502699366e+00
5.524140589254598055e+00
5.556609187433717345e+00
5.588898390758211931e+00
5.621011088770783815e+00
5.652950096512615374e+00
5.684718157084746259e+00
5.716317944102192072e+00
5.747752064046042442e+00
5.779023058518452771e+00
5.810133406405150858e+00
5.841085525949853086e+00
5.871881776744648285e+00
5.902524461640482834e+00
5.933015828581320150e+00
5.963358072365505969e+00
5.993553336337829052e+00
6.023603714015311361e+00
6.053511250649862951e+00
6.083277944730484776e+00
6.112905749427999247e+00
6.142396573984640895e+00
6.171752285051134379e+00
6.200974707973446520e+00
6.230065628031485225e+00
6.259026791631950637e+00
6.287859907457067798e+00
6.316566647571434601e+00
6.345148648488444287e+00
6.373607512198371516e+00
6.401944807159408057e+00
6.430162069253420931e+00
6.458260802707864734e+00
6.486242480985207948e+00
6.514108547641351166e+00
6.541860417154081730e+00
6.569499475723036497e+00
6.597027082042277613e+00
6.624444568046402360e+00
6.651753239631497117e+00
6.678954377351810301e+00
6.706049237093149706e+00
6.733039050723908403e+00
6.759925026724603825e+00
6.786708350796746281e+00
6.813390186451936614e+00
6.839971675581832500e+00
6.866453939009724117e+00
6.892838077024607379e+00
6.919125169898134864e+00
6.945316278385337050e+00
6.971412444209578396e+00
6.997414690532379744e+00
7.023324022408686140e+00
7.049141427228145851e+00
7.074867875142740736e+00
7.100504319481540705e+00
7.126051697152833597e+00
7.151510929034109232e+00
7.176882920350526440e+00
7.202168561041988326e+00
7.227368726119380860e+00
7.252484276010458863e+00
7.277516056895523278e+00
7.302464901033386191e+00
7.327331627077908749e+00
7.352117040385490299e+00
7.376821933313793878e+00
7.401447085511911439e+00
7.425993264202472410e+00
7.450461224455715126e+00
7.474851709456014071e+00
7.499165450760960638e+00
7.523403168553342901e+00
7.547565571886166502e+00
7.571653358921063948e+00
7.595667217160164242e+00
7.619607823671800340e+00
7.643475845310072181e+00
7.667271938928617026e+00
7.690996751588744296e+00
7.714650920761967789e+00
7.738235074527332280e+00
7.761749831763567364e+00
7.785195802336227544e+00
7.808573587280026373e+00
7.831883778976520993e+00
7.855126961327187907e+00
7.878303709922160891e+00
7.901414592204718090e+00
7.924460167631564467e+00
7.947440987829192949e+00
7.970357596746350914e+00
7.993210530802628888e+00
8.016000319033528498e+00
8.038727483231927096e+00
8.061392538086060711e+00
8.083995991314237628e+00
8.106538343796254154e+00
8.129020089701660012e+00
8.151441716614970190e+00
8.173803705657959995e+00
8.196106531608963408e+00
8.218350663019466040e+00
8.240536562327932302e+00
8.262664685970936063e+00
8.284735484491839941e+00
8.306749402646875780e+00
8.328706879508752436e+00
8.350608348568085759e+00
8.372454237832275936e+00
8.394244969922365129e+00
8.415980962167621371e+00
8.437662626697953527e+00
8.459290370534418457e+00
8.480864595677568119e+00
8.502385699193929725e+00
8.523854073300608292e+00
8.545270105447940523e+00
8.566634178400477140e+00
8.587946670316100040e+00
8.609207954823510534e+00
8.630418401098008729e+00
8.651578373935720379e+00
8.672688233826118420e+00
8.693748337023187389e+00
8.714759035614916272e+00
8.735720677591480410e+00
8.756633606911881529e+00
8.777498163569262601e+00
8.798314683654876234e+00
8.819083499420743877e+00
8.839804939340961454e+00
8.860479328171855684e+00
8.881106987010825904e+00
8.901688233354034807e+00
8.922223381152974753e+00
8.942712740869824373e+00
8.963156619531766012e+00
8.983555320784164522e+00
9.003909144942760179e+00
9.024218389044779798e+00
9.044483346899035325e+00
9.064704309135128923e+00
9.084881563251569148e+00
9.105015393663105527e+00
9.125106081746999109e+00
9.145153905888548707e+00
9.165159141525585085e+00
9.185122061192275922e+00
9.205042934562039036e+00
9.224922028489542569e+00
9.244759607052120742e+00
9.264555931590189530e+00
9.284311260747138306e+00
9.304025850508253370e+00
9.323699954239067722e+00
9.343333822722978965e+00
9.362927704198137135e+00
9.382481844393685932e+00
9.401996486565314726e+00
9.421471871530251008e+00
9.440908237701481909e+00
9.460305821121503200e+00
9.479664855495332887e+00
9.498985572223025642e+00
9.518268200431609927e+00
9.537512967006358977e+00
9.556720096621658556e+00
9.575889811771169491e+00
9.595022332797629616e+00
9.614117877921984245e+00
9.633176663272116969e+00
9.652198902910987144e+00
9.671184808864426330e+00
9.690134591148286347e+00
9.709048457795244502e+00
9.727926614881091893e+00
9.746769266550582955e+00
9.765576615042919073e+00
9.784348860716638896e+00
9.803086202074284827e+00
9.821788835786511740e+00
9.840456956715858183e+00
9.859090757940098371e+00
9.877690430775265540e+00
9.896256164798149513e+00
9.914788147868605961e+00
9.933286566151400265e+00
9.951751604137699658e+00
9.970183444666234962e+00
9.988582268944053766e+00
1.000694825656710840e+01
1.002528158554026838e+01
1.004358243229730618e+01
1.006185097172016896e+01
1.008008737715841718e+01
1.009829182044798479e+01
1.011646447192969234e+01
1.013460550046778330e+01
1.015271507346767166e+01
1.017079335689385999e+01
1.018884051528727319e+01
1.020685671178248732e+01
1.022484210812465300e+01
1.024279686468609718e+01
1.026072114048283801e+01
1.027861509319051159e+01
1.029647887916053328e+01
1.031431265343556802e+01
1.033211656976493664e+01
1.034989078062002044e+01
1.036763543720891434e+01
1.038535068949137496e+01
1.040303668619324284e+01
1.042069357482072789e+01
1.043832150167463091e+01
1.045592061186396116e+01
1.047349104931980079e+01
1.049103295680868086e+01
1.050854647594594837e+01
1.052603174720864487e+01
1.054348890994868881e+01
1.056091810240523543e+01
1.057831946171741144e+01
1.059569312393652929e+01
1.061303922403838129e+01
1.063035789593503466e+01
1.064764927248679349e+01
1.066491348551368112e+01
1.068215066580709127e+01
1.069936094314095421e+01
