0.000000000000000000e+00
3.761755485893417128e-01
7.523510971786834256e-01
1.128526645768025194e+00
1.504702194357366851e+00
1.880877742946708508e+00
2.257053291536050388e+00
2.633228840125391823e+00
3.009404388714733702e+00
3.385579937304075582e+00
3.761755485893417017e+00
4.137931034482758896e+00
4.514106583072100776e+00
4.890282131661442655e+00
5.266457680250783646e+00
5.642633228840125525e+00
6.018808777429467405e+00
6.394984326018809284e+00
6.771159874608151163e+00
7.147335423197492155e+00
7.523510971786834034e+00
7.899686520376175913e+00
8.275862068965517793e+00
8.652037617554858784e+00
9.028213166144201551e+00
9.404388714733542542e+00
9.780564263322885310e+00
1.015673981191222630e+01
1.053291536050156729e+01
1.090909090909091006e+01
1.128526645768025105e+01
1.166144200626959382e+01
1.203761755485893481e+01
1.241379310344827580e+01
1.278996865203761857e+01
1.316614420062695956e+01
1.354231974921630233e+01
1.391849529780564332e+01
1.429467084639498431e+01
1.467084639498432708e+01
1.504702194357366807e+01
1.542319749216301084e+01
1.579937304075235183e+01
1.617554858934169459e+01
1.655172413793103559e+01
1.692789968652037658e+01
1.730407523510971757e+01
1.768025078369906211e+01
1.805642633228840310e+01
1.843260188087774409e+01
1.880877742946708508e+01
1.918495297805642608e+01
1.956112852664577062e+01
1.993730407523511161e+01
2.031347962382445260e+01
2.068965517241379359e+01
2.106583072100313458e+01
2.144200626959247913e+01
2.181818181818182012e+01
2.219435736677116111e+01
2.257053291536050210e+01
2.294670846394984309e+01
2.332288401253918764e+01
2.369905956112852863e+01
2.407523510971786962e+01
2.445141065830721061e+01
2.482758620689655160e+01
2.520376175548589615e+01
2.557993730407523714e+01
2.595611285266457813e+01
2.633228840125391912e+01
2.670846394984326011e+01
2.708463949843260465e+01
2.746081504702194565e+01
2.783699059561128664e+01
2.821316614420062763e+01
2.858934169278996862e+01
2.896551724137931316e+01
2.934169278996865415e+01
2.971786833855799514e+01
3.009404388714733614e+01
3.047021943573667713e+01
3.084639498432602167e+01
3.122257053291536266e+01
3.159874608150470365e+01
3.197492163009404464e+01
3.235109717868338919e+01
3.272727272727272663e+01
3.310344827586207117e+01
3.347962382445141571e+01
3.385579937304075315e+01
3.423197492163009770e+01
3.460815047021943514e+01
3.498432601880877968e+01
3.536050156739812422e+01
3.573667711598746166e+01
3.611285266457680621e+01
3.648902821316614364e+01
3.686520376175548819e+01
3.724137931034483273e+01
3.761755485893417017e+01
3.799373040752351471e+01
3.836990595611285215e+01
3.874608150470219670e+01
3.912225705329154124e+01
3.949843260188087868e+01
3.987460815047022322e+01
4.025078369905956066e+01
4.062695924764890520e+01
4.100313479623824975e+01
4.137931034482758719e+01
4.175548589341693173e+01
4.213166144200626917e+01
4.250783699059561371e+01
4.288401253918495826e+01
4.326018808777429570e+01
4.363636363636364024e+01
4.401253918495297768e+01
4.438871473354232222e+01
4.476489028213166677e+01
4.514106583072100420e+01
4.551724137931034875e+01
4.589341692789968619e+01
4.626959247648903073e+01
4.664576802507837527e+01
4.702194357366771271e+01
4.739811912225705726e+01
4.777429467084639469e+01
4.815047021943573924e+01
4.852664576802508378e+01
4.890282131661442122e+01
4.927899686520376576e+01
4.965517241379310320e+01
5.003134796238244775e+01
5.040752351097179229e+01
5.078369905956112973e+01
5.115987460815047427e+01
5.153605015673981171e+01
5.191222570532915626e+01
5.228840125391850080e+01
5.266457680250783824e+01
5.304075235109718278e+01
5.341692789968652022e+01
5.379310344827586476e+01
5.416927899686520931e+01
5.454545454545454675e+01
5.492163009404389129e+01
5.529780564263322873e+01
5.567398119122257327e+01
5.605015673981191782e+01
5.642633228840125525e+01
5.680250783699059980e+01
5.717868338557993724e+01
5.755485893416928178e+01
5.793103448275862632e+01
5.830721003134796376e+01
5.868338557993730831e+01
5.905956112852664575e+01
5.943573667711599029e+01
5.981191222570533483e+01
6.018808777429467227e+01
6.056426332288401682e+01
6.094043887147335425e+01
6.131661442006269880e+01
6.169278996865204334e+01
6.206896551724138078e+01
6.244514106583072532e+01
6.282131661442006276e+01
6.319749216300940731e+01
6.357366771159875185e+01
6.394984326018808929e+01
6.432601880877743383e+01
6.470219435736677838e+01
6.507836990595612292e+01
6.545454545454545325e+01
6.583072100313479780e+01
6.620689655172414234e+01
6.658307210031348689e+01
6.695924764890283143e+01
6.733542319749216176e+01
6.771159874608150631e+01
6.808777429467085085e+01
6.846394984326019539e+01
6.884012539184953994e+01
6.921630094043887027e+01
6.959247648902821481e+01
6.996865203761755936e+01
7.034482758620690390e+01
7.072100313479624845e+01
7.109717868338557878e+01
7.147335423197492332e+01
7.184952978056426787e+01
7.222570532915361241e+01
7.260188087774295695e+01
7.297805642633228729e+01
7.335423197492163183e+01
7.373040752351097638e+01
7.410658307210032092e+01
7.448275862068966546e+01
7.485893416927899580e+01
7.523510971786834034e+01
7.561128526645768488e+01
7.598746081504702943e+01
7.636363636363637397e+01
7.673981191222570430e+01
7.711598746081504885e+01
7.749216300940439339e+01
7.786833855799373794e+01
7.824451410658308248e+01
7.862068965517241281e+01
7.899686520376175736e+01
7.937304075235110190e+01
7.974921630094044644e+01
8.012539184952979099e+01
8.050156739811912132e+01
8.087774294670846587e+01
8.125391849529781041e+01
8.163009404388715495e+01
8.200626959247649950e+01
8.238244514106582983e+01
8.275862068965517437e+01
8.313479623824451892e+01
8.351097178683386346e+01
8.388714733542320801e+01
8.426332288401253834e+01
8.463949843260188288e+01
8.501567398119122743e+01
8.539184952978057197e+01
8.576802507836991651e+01
8.614420062695924685e+01
8.652037617554859139e+01
8.689655172413793593e+01
8.727272727272728048e+01
8.764890282131662502e+01
8.802507836990595536e+01
8.840125391849529990e+01
8.877742946708464444e+01
8.915360501567398899e+01
8.952978056426333353e+01
8.990595611285266386e+01
9.028213166144200841e+01
9.065830721003135295e+01
9.103448275862069750e+01
9.141065830721004204e+01
9.178683385579937237e+01
9.216300940438871692e+01
9.253918495297806146e+01
9.291536050156740600e+01
9.329153605015675055e+01
9.366771159874608088e+01
9.404388714733542542e+01
9.442006269592476997e+01
9.479623824451411451e+01
9.517241379310345906e+01
9.554858934169278939e+01
9.592476489028213393e+01
9.630094043887147848e+01
9.667711598746082302e+01
9.705329153605016757e+01
9.742946708463949790e+01
9.780564263322884244e+01
9.818181818181818699e+01
9.855799373040753153e+01
9.893416927899687607e+01
9.931034482758620641e+01
9.968652037617555095e+01
1.000626959247648955e+02
1.004388714733542400e+02
1.008150470219435846e+02
1.011912225705329149e+02
1.015673981191222595e+02
1.019435736677116040e+02
1.023197492163009485e+02
1.026959247648902931e+02
1.030721003134796234e+02
1.034482758620689680e+02
1.038244514106583125e+02
1.042006269592476571e+02
1.045768025078370016e+02
1.049529780564263319e+02
1.053291536050156765e+02
1.057053291536050210e+02
1.060815047021943656e+02
1.064576802507837101e+02
1.068338557993730404e+02
1.072100313479623850e+02
1.075862068965517295e+02
1.079623824451410741e+02
1.083385579937304186e+02
1.087147335423197489e+02
1.090909090909090935e+02
1.094670846394984380e+02
1.098432601880877826e+02
1.102194357366771271e+02
1.105956112852664575e+02
1.109717868338558020e+02
1.113479623824451465e+02
1.117241379310344911e+02
1.121003134796238356e+02
1.124764890282131660e+02
1.128526645768025105e+02
1.132288401253918551e+02
1.136050156739811996e+02
1.139811912225705441e+02
1.143573667711598745e+02
1.147335423197492190e+02
1.151097178683385636e+02
1.154858934169279081e+02
1.158620689655172526e+02
1.162382445141065830e+02
1.166144200626959275e+02
1.169905956112852721e+02
1.173667711598746166e+02
1.177429467084639612e+02
1.181191222570532915e+02
1.184952978056426360e+02
1.188714733542319806e+02
1.192476489028213251e+02
1.196238244514106697e+02
1.200000000000000000e+02
