3.600000000000000000e+01
3.618821412109507918e+01
3.637668093978646056e+01
3.656540046804560262e+01
3.675437272577502767e+01
3.694359774073343772e+01
3.713307554843100178e+01
3.732280619199497096e+01
3.751278972200554307e+01
3.770302619630248842e+01
3.789351567976235913e+01
3.808425824404667281e+01
3.827525396732137608e+01
3.846650293394781528e+01
3.865800523414547030e+01
3.884976096362672138e+01
3.904177022320441637e+01
3.923403311837195417e+01
3.942654975885710655e+01
3.961932025814928693e+01
3.981234473300125387e+01
4.000562330290564717e+01
4.019915608954669040e+01
4.039294321622796247e+01
4.058698480727665014e+01
4.078128098742477903e+01
4.097583188116846031e+01
4.117063761210555839e+01
4.136569830225244004e+01
4.156101407134091374e+01
4.175658503609567873e+01
4.195241130949339947e+01
4.214849300000417287e+01
4.234483021081611298e+01
4.254142303904414035e+01
4.273827157492365103e+01
4.293537590099023049e+01
4.313273609124616570e+01
4.333035221031487794e+01
4.352822431258422142e+01
4.372635244133964250e+01
4.392473662788831490e+01
4.412337689067523172e+01
4.432227323439244770e+01
4.452142564908242406e+01
4.472083410923679736e+01
4.492049857289146075e+01
4.512041898071930746e+01
4.532059525512168108e+01
4.552102729931984015e+01
4.572171499644736059e+01
4.592265820864493264e+01
4.612385677615868929e+01
4.632531051644307496e+01
4.652701922326966866e+01
4.672898266584324745e+01
4.693120058792583649e+01
4.713367270697051481e+01
4.733639871326585791e+01
4.753937826909220377e+01
4.774261100789105683e+01
4.794609653344866018e+01
4.814983441909512152e+01
4.835382420691988870e+01
4.855806540700505991e+01
4.876255749667747352e+01
4.896729991978055807e+01
4.917229208596726409e+01
4.937753337001498721e+01
4.958302311116343475e+01
4.978876061247650142e+01
4.999474514022926286e+01
5.020097592332057701e+01
5.040745215271278568e+01
5.061417298089877193e+01
5.082113752139780871e+01
5.102834484828024841e+01
5.123579399572252413e+01
5.144348395759273984e+01
5.165141368706748892e+01
5.185958209628082471e+01
5.206798805600550395e+01
5.227663039536745515e+01
5.248550790159365675e+01
5.269461931979390101e+01
5.290396335277692685e+01
5.311353866090105669e+01
5.332334386195979192e+01
5.353337753110246666e+01
5.374363820079004483e+01
5.395412436078646579e+01
5.416483445818528963e+01
5.437576689747177028e+01
5.458692004062037739e+01
5.479829220722751870e+01
5.500988167467947676e+01
5.522168667835529021e+01
5.543370541186423850e+01
5.564593602731780919e+01
5.585837663563574296e+01
5.607102530688560194e+01
5.628388007065573362e+01
5.649693891646082022e+01
5.671019979417975065e+01
5.692366061452501924e+01
5.713731924954326047e+01
5.735117353314613808e+01
5.756522126167080700e+01
5.777946019446955717e+01
5.799388805452742446e+01
5.820850252910744160e+01
5.842330127042234267e+01
5.863828189633201760e+01
5.885344199106594232e+01
5.906877910596948311e+01
5.928429076027333622e+01
5.949997444188493034e+01
5.971582760820115254e+01
5.993184768694111852e+01
6.014803207699814180e+01
6.036437814930988566e+01
6.058088324774566757e+01
6.079754469000984329e+01
6.101435976856040355e+01
6.123132575154145485e+01
6.144843988372890919e+01
6.166569938748804702e+01
6.188310146374202958e+01
6.210064329295039443e+01
6.231832203609636167e+01
6.253613483568211961e+01
6.275407881673074684e+01
6.297215108779419523e+01
6.319034874196599105e+01
6.340866885789791496e+01
6.362710850081937508e+01
6.384566472355898981e+01
6.406433456756687406e+01
6.428311506393738739e+01
6.450200323443058892e+01
6.472099609249238483e+01
6.494009064427211797e+01
6.515928388963629914e+01
6.537857282317874308e+01
6.559795443522511960e+01
6.581742571283211873e+01
6.603698364077992267e+01
6.625662520255733057e+01
6.647634738133896803e+01
6.669614716095399842e+01
6.691602152684528448e+01
6.713596746701881557e+01
6.735598197298254775e+01
6.757606204067414524e+01
6.779620467137704054e+01
6.801640687262445795e+01
6.823666565909054782e+01
6.845697805346871689e+01
6.867734108733606035e+01
6.889775180200375360e+01
6.911820724935358840e+01
6.933870449265904767e+01
6.955924060739164361e+01
6.977981268201178011e+01
7.000041781874391233e+01
7.022105313433534945e+01
7.044171576079945396e+01
7.066240284614161737e+01
7.088311155506902139e+01
7.110383906968334600e+01
7.132458259015635349e+01
7.154533933538840529e+01
7.176610654364945674e+01
7.198688147320294206e+01
7.220766140291161150e+01
7.242844363282641496e+01
7.264922548475709618e+01
7.287000430282554930e+01
7.309077745400134063e+01
7.331154232861948117e+01
7.353229634088040712e+01
7.375303692933265154e+01
7.397376155733739722e+01
7.419446771351587699e+01
7.441515291217906736e+01
7.463581469373994537e+01
7.485645062510846515e+01
7.507705830006939607e+01
7.529763533964285216e+01
7.551817939242798161e+01
7.573868813492978802e+01
7.595915927186915440e+01
7.617959053647651047e+01
7.639997969076873119e+01
7.662032452581036068e+01
7.684062286195832314e+01
7.706087254909095918e+01
7.728107146682144446e+01
7.750121752469559055e+01
7.772130866237461078e+01
7.794134284980259508e+01
7.816131808735919151e+01
7.838123240599787778e+01
7.860108386736956732e+01
7.882087056393214652e+01
7.904059061904618488e+01
7.926024218705667579e+01
7.947982345336166077e+01
7.969933263446721128e+01
7.991876797803001864e+01
8.013812776288654049e+01
8.035741029907018174e+01
8.057661392781599830e+01
8.079573702155362014e+01
8.101477798388810925e+01
8.123373524956967628e+01
8.145260728445201437e+01
8.167139258543950575e+01
8.189008968042408299e+01
8.210869712821124722e+01
8.232721351843616731e+01
8.254563747146960395e+01
8.276396763831428416e+01
8.298220270049176861e+01
8.320034136992009621e+01
8.341838238878264633e+01
8.363632452938803397e+01
8.385416659402184791e+01
8.407190741479004714e+01
8.428954585345448436e+01
8.450708080126062782e+01
8.472451117875804982e+01
8.494183593561345447e+01
8.515905405041689846e+01
8.537616453048124754e+01
8.559316641163526640e+01
8.581005875801014326e+01
8.602684066182037270e+01
8.624351124313854200e+01
8.646006964966483110e+01
8.667651505649097032e+01
8.689284666585912476e+01
8.710906370691601808e+01
8.732516543546233834e+01
8.754115113369741152e+01
8.775702010996019453e+01
8.797277169846579170e+01
8.818840525903814864e+01
8.840392017683953441e+01
8.861931586209608724e+01
8.883459174982053241e+01
8.904974729953170254e+01
8.926478199497127264e+01
8.947969534381778089e+01
8.969448687739834725e+01
8.990915615039799036e+01
9.012370274056686981e+01
9.033812624842570926e+01
9.055242629696927281e+01
9.076660253136856227e+01
9.098065461867135184e+01
9.119458224750154329e+01
9.140838512775759739e+01
9.162206299030968637e+01
9.183561558669660485e+01
9.204904268882145857e+01
9.226234408864732472e+01
9.247551959789232967e+01
9.268856904772476923e+01
9.290149228845780272e+01
9.311428918924467268e+01
9.332695963777371162e+01
9.353950353996398803e+01
9.375192081966116575e+01
9.396421141833420165e+01
9.417637529477252656e+01
9.438841242478393667e+01
9.460032280089386347e+01
9.481210643204501309e+01
9.502376334329866836e+01
9.523529357553702823e+01
9.544669718516668411e+01
9.565797424382370195e+01
9.586912483808036711e+01
9.608014906915299491e+01
9.629104705261212871e+01
9.650181891809378953e+01
9.671246480901302789e+01
9.692298488227918085e+01
9.713337930801323239e+01
9.734364826926709213e+01
9.755379196174510525e+01
9.776381059352763714e+01
9.797370438479701704e+01
9.818347356756559918e+01
9.839311838540658073e+01
9.860263909318648246e+01
9.881203595680102580e+01
9.902130925291264418e+01
9.923045926869126276e+01
9.943948630155703938e+01
9.964839065892620340e+01
9.985717265795943831e+01
1.000658326253127655e+02
1.002743708968914262e+02
1.004827878176063223e+02
1.006910837411336104e+02
1.008992590296764149e+02
1.011073140537303061e+02
1.013152491918506826e+02
1.015230648304240333e+02
1.017307613634411467e+02
1.019383391922738298e+02
1.021457987254544832e+02
1.023531403784584626e+02
1.025603645734893661e+02
1.027674717392676769e+02
1.029744623108216928e+02
1.031813367292821653e+02
1.033880954416793259e+02
