9.000000000000000000e+00
9.188627595867734144e+00
9.378283505918371787e+00
9.568891847699831033e+00
9.760378383163340388e+00
9.952670692345554571e+00
1.014569831330525140e+01
1.033939285130812991e+01
1.053368806031043015e+01
1.072851989976625475e+01
1.092382656969252075e+01
1.111954852678593397e+01
1.131562848421243039e+01
1.151201139749382563e+01
1.170864443870809524e+01
1.190547696100823138e+01
1.210246045525444991e+01
1.229954850035235303e+01
1.249669670869697846e+01
1.269386266794319518e+01
1.289100588015695870e+01
1.308808769925079929e+01
1.328507126747023293e+01
1.348192145157566557e+01
1.367860477925557916e+01
1.387508937621135274e+01
1.407134490427009155e+01
1.426734250080931865e+01
1.446305471971447965e+01
1.465845547403627513e+01
1.485351998046926703e+01
1.504822470573409809e+01
1.524254731491346071e+01
1.543646662176482209e+01
1.562996254101045146e+01
1.582301604258755212e+01
1.601560910782639624e+01
1.620772468751290774e+01
1.639934666178340450e+01
1.659045980179219271e+01
1.678104973308820647e+01
1.697110290063330140e+01
1.716060653539303260e+01
1.734954862242980411e+01
1.753791787042818839e+01
1.772570368258304896e+01
1.791289612878219373e+01
1.809948591901720505e+01
1.828546437795804280e+01
1.847082342062934046e+01
1.865555552912894655e+01
1.883965373033173663e+01
1.902311157452469814e+01
1.920592311492174176e+01
1.938808288800977664e+01
1.956958589467995679e+01
1.975042758210112481e+01
1.993060382629457195e+01
2.011011091537226747e+01
2.028894553340278506e+01
2.046710474487161591e+01
2.064458597970478593e+01
2.082138701882686505e+01
2.099750598022626136e+01
2.117294130550283171e+01
2.134769174687447091e+01
2.152175635462099024e+01
2.169513446494531195e+01
2.186782568823324624e+01
2.203982989769473377e+01
2.221114721837039596e+01
2.238177801648868837e+01
2.255172288915980516e+01
2.272098265439371190e+01
2.288955834143027701e+01
2.305745118137054561e+01
2.322466259809902667e+01
2.339119419948738710e+01
2.355704776887043650e+01
2.372222525678643379e+01
2.388672877297364039e+01
2.405056057861582985e+01
2.421372307882998243e+01
2.437621881538942858e+01
2.453805045967649789e+01
2.469922080585853763e+01
2.485973276428202539e+01
2.501958935507910553e+01
2.517879370198166100e+01
2.533734902633785424e+01
2.549525864132645481e+01
2.565252594636427474e+01
2.580915442170230278e+01
2.596514762320607872e+01
2.612050917731624011e+01
2.627524277618480752e+01
2.642935217298349571e+01
2.658284117737962760e+01
2.673571365117611265e+01
2.688797350411134346e+01
2.703962468981530520e+01
2.719067120191810005e+01
2.734111707030716687e+01
2.749096635752951556e+01
2.764022315533529905e+01
2.778889158135914172e+01
2.793697577593577819e+01
2.808447989904614417e+01
2.823140812739091032e+01
2.837776465158752259e+01
2.852355367348772219e+01
2.866877940361192145e+01
2.881344605869728426e+01
2.895755785935605431e+01
2.910111902784093729e+01
2.924413378591453849e+01
2.938660635281927469e+01
2.952854094334508517e+01
2.966994176599152055e+01
2.981081302122151655e+01
2.995115889980357338e+01
3.009098358123964800e+01
3.023029123227580683e+01
3.036908600549284643e+01
3.050737203797406139e+01
3.064515345004771163e+01
3.078243434410104484e+01
3.091921880346393081e+01
3.105551089135892440e+01
3.119131464991589553e+01
3.132663409924829878e+01
3.146147323658906458e+01
3.159583603548356479e+01
3.172972644503779449e+01
3.186314838921900972e+01
3.199610576620726476e+01
3.212860244779543706e+01
3.226064227883588842e+01
3.239222907673164542e+01
3.252336663097054981e+01
3.265405870270001287e+01
3.278430902434111971e+01
3.291412129924008667e+01
3.304349920135533125e+01
3.317244637497874749e+01
3.330096643448945315e+01
3.342906296413865874e+01
3.355673951786396003e+01
3.368399961913186047e+01
3.381084676080698159e+01
3.393728440504687427e+01
3.406331598322086052e+01
3.418894489585205321e+01
3.431417451258076312e+01
3.443900817214906596e+01
3.456344918240454689e+01
3.468750082032272530e+01
3.481116633204676702e+01
3.493444893294406484e+01
3.505735180767808856e+01
3.517987811029504996e+01
3.530203096432437349e+01
3.542381346289224808e+01
3.554522866884720145e+01
3.566627961489744791e+01
3.578696930375853213e+01
3.590730070831148879e+01
3.602727677176990539e+01
3.614690040785612268e+01
3.626617450098526518e+01
3.638510190645692433e+01
3.650368545065398251e+01
3.662192793124749812e+01
3.673983211740801380e+01
3.685740075002204463e+01
3.697463654191356142e+01
3.709154217807025589e+01
3.720812031587378499e+01
3.732437358533385208e+01
3.744030458932563477e+01
3.755591590383021838e+01
3.767121007817788580e+01
3.778618963529347496e+01
3.790085707194408826e+01
3.801521485898832253e+01
3.812926544162717590e+01
3.824301123965603466e+01
3.835645464771776858e+01
3.846959803555650836e+01
3.858244374827185652e+01
3.869499410657364535e+01
3.880725140703658838e+01
3.891921792235502409e+01
3.903089590159729738e+01
3.914228757045984253e+01
3.925339513152066218e+01
3.936422076449209584e+01
3.947476662647273571e+01
3.958503485219848983e+01
3.969502755429233787e+01
3.980474682351319871e+01
3.991419472900312115e+01
4.002337331853351543e+01
4.013228461874946618e+01
4.024093063541278070e+01
4.034931335364326088e+01
4.045743473815827684e+01
4.056529673351058563e+01
4.067290126432425268e+01
4.078025023552871886e+01
4.088734553259084947e+01
4.099418902174514301e+01
4.110078255022165195e+01
4.120712794647205612e+01
4.131322702039354056e+01
4.141908156355042792e+01
4.152469334939387124e+01
4.163006413347910240e+01
4.173519565368064832e+01
4.184008963040527362e+01
4.194474776680253569e+01
4.204917174897347820e+01
4.215336324617638297e+01
4.225732391103102259e+01
4.236105537972005664e+01
4.246455927218841708e+01
4.256783719234032759e+01
4.267089072823403484e+01
4.277372145227433009e+01
4.287633092140269042e+01
4.297872067728525991e+01
4.308089224649841498e+01
4.318284714071224784e+01
4.328458685687176910e+01
4.338611287737568034e+01
4.348742667025324238e+01
4.358852968933859984e+01
4.368942337444320856e+01
4.379010915152590400e+01
4.389058843286079536e+01
4.399086261720307789e+01
4.409093308995278448e+01
4.419080122331617133e+01
4.429046837646524182e+01
4.438993589569511045e+01
4.448920511457934879e+01
4.458827735412305060e+01
4.468715392291432664e+01
4.478583611727331260e+01
4.488432522139956404e+01
4.498262250751729141e+01
4.508072923601862669e+01
4.517864665560524884e+01
4.527637600342773538e+01
4.537391850522323011e+01
4.547127537545134857e+01
4.556844781742803008e+01
4.566543702345779820e+01
4.576224417496393215e+01
4.585887044261728107e+01
4.595531698646298935e+01
4.605158495604558766e+01
4.614767549053252793e+01
4.624358971883579272e+01
4.633932875973203380e+01
4.643489372198096987e+01
4.653028570444227796e+01
4.662550579619075819e+01
4.672055507662994955e+01
4.681543461560429620e+01
4.691014547350970787e+01
4.700468870140250743e+01
4.709906534110714915e+01
4.719327642532215350e+01
4.728732297772482696e+01
4.738120601307450386e+01
4.747492653731426770e+01
4.756848554767136505e+01
4.766188403275634755e+01
4.775512297266060813e+01
4.784820333905289402e+01
4.794112609527417135e+01
4.803389219643160857e+01
4.812650258949076232e+01
4.821895821336710242e+01
4.831125999901574630e+01
4.840340886952039057e+01
4.849540574018073613e+01
4.858725151859891866e+01
4.867894710476478792e+01
4.877049339113982995e+01
4.886189126274017269e+01
4.895314159721839786e+01
4.904424526494416625e+01
4.913520312908391219e+01
4.922601604567945799e+01
4.931668486372533522e+01
4.940721042524540962e+01
4.949759356536825550e+01
4.958783511240164898e+01
4.967793588790593162e+01
4.976789670676658517e+01
4.985771837726568378e+01
4.994740170115246514e+01
5.003694747371300622e+01
5.012635648383889020e+01
5.021562951409500641e+01
5.030476734078656875e+01
5.039377073402504692e+01
5.048264045779342979e+01
5.057137727001049399e+01
5.065998192259430510e+01
5.074845516152490887e+01
5.083679772690611287e+01
5.092501035302661450e+01
5.101309376842028342e+01
5.110104869592546351e+01
5.118887585274383412e+01
5.127657595049839756e+01
5.136414969529061381e+01
