9.000000000000000000e+00
9.188653583499110766e+00
9.378491299122487135e+00
9.569592542322709505e+00
9.762037269212303414e+00
9.955905619529499262e+00
1.015127749615918873e+01
1.034823210246198499e+01
1.054684743993691143e+01
1.074719977015450567e+01
1.094936304640669711e+01
1.115340832207375321e+01
1.135940314423742770e+01
1.156741094249344570e+01
1.177749042414567704e+01
1.198969498790908261e+01
1.220407216882019164e+01
1.242066312717997079e+01
1.263950219397861119e+01
1.286061648434961135e+01
1.308402558917688019e+01
1.330974135307572759e+01
1.353776774466269295e+01
1.376810082242793953e+01
1.400072879675741611e+01
1.423563218586437173e+01
1.447278406072518919e+01
1.471215037170894036e+01
1.495369034755589865e+01
1.519735695578352619e+01
1.544309741252972579e+01
1.569085372929741062e+01
1.594056328402468381e+01
1.619215940432356504e+01
1.644557195153910811e+01
1.670072789539754154e+01
1.695755187034660594e+01
1.721596670615647184e+01
1.747589392686301224e+01
1.773725421362640020e+01
1.799996782848902299e+01
1.826395499730548622e+01
1.852913625125393438e+01
1.879543272730724013e+01
1.906276642883931061e+01
1.933106044816981139e+01
1.960023915332128652e+01
1.987022834159019524e+01
2.014095536273677212e+01
2.041234921469550301e+01
2.068434061471861085e+01
2.095686204880592385e+01
2.122984780216338763e+01
2.150323397328215691e+01
2.177695847405500018e+01
2.205096101815502152e+01
2.232518309970332027e+01
2.259956796405283441e+01
2.287406057232100665e+01
2.314860756111676920e+01
2.342315719873142044e+01
2.369765933889883769e+01
2.397206537307959096e+01
2.424632818208584339e+01
2.452040208773974328e+01
2.479424280514625778e+01
2.506780739606209352e+01
2.534105422375398220e+01
2.561394290966191889e+01
2.588643429211450453e+01
2.615849038728372378e+01
2.643007435251435311e+01
2.670115045211767324e+01
2.697168402568006584e+01
2.724164145890257771e+01
2.751099015695826111e+01
2.777969852032896014e+01
2.804773592306063890e+01
2.831507269335837051e+01
2.858168009642526641e+01
2.884753031943633061e+01
2.911259645852640787e+01
2.937685250766158873e+01
2.964027334925499702e+01
2.990283474638184913e+01
3.016451333644244315e+01
3.042528662611852042e+01
3.068513298746498918e+01
3.094403165497755381e+01
3.120196272347612876e+01
3.145890714664406573e+01
3.171484673606509475e+01
3.196976416060177684e+01
3.222364294596321344e+01
3.247646747431361547e+01
3.272822298377908368e+01
3.297889556771566077e+01
3.322847217360936156e+01
3.347694060148601380e+01
3.372428950171798334e+01
3.397050837212366758e+01
3.421558755426590892e+01
3.445951822886549820e+01
3.470229241025720057e+01
3.494390293982647933e+01
3.518434347837695242e+01
3.542360849738995654e+01
3.566169326914871363e+01
3.589859385571233474e+01
3.613430709673434649e+01
3.636883059613312241e+01
3.660216270763092439e+01
3.683430251918875342e+01
3.706524983637380188e+01
3.729500516470461946e+01
3.752356969102743989e+01
3.775094526398423511e+01
3.797713437363919553e+01
3.820214013033640299e+01
3.842596624286516516e+01
3.864861699601406997e+01
3.887009722759688657e+01
3.909041230503554232e+01
3.930956810158676262e+01
3.952757097229845584e+01
3.974442772978197524e+01
3.996014561988477709e+01
4.017473229734588358e+01
4.038819580151427147e+01
4.060054453220693915e+01
4.081178722577976004e+01
4.102193293148043551e+01
4.123099098814802943e+01
4.143897100131971456e+01
4.164588282079954240e+01
4.185173651873980560e+01
4.205654236828056014e+01
4.226031082278673523e+01
4.246305249571911133e+01
4.266477814116821321e+01
4.286549863507732283e+01
4.306522495717480581e+01
4.326396817363205827e+01
4.346173942045864891e+01
4.365854988764269962e+01
4.385441080404011416e+01
4.404933342301314525e+01
4.424332900881516650e+01
4.443640882371579437e+01
4.462858411585731488e+01
4.481986610783151548e+01
4.501026598596302364e+01
4.519979489028388286e+01
4.538846390518224183e+01
4.557628405070629185e+01
4.576326627450385587e+01
4.594942144437640508e+01
4.613476034142585291e+01
4.631929365377192198e+01
4.650303197081699835e+01
4.668598577803535221e+01
4.686816545226377428e+01
4.704958125746971831e+01
4.723024334097446086e+01
4.741016173010754642e+01
4.758934632927055475e+01
4.776780691738730411e+01
4.794555314571903892e+01
4.812259453602316484e+01
4.829894047903468390e+01
4.847460023325049150e+01
4.864958292399681739e+01
4.882389754276120897e+01
4.899755294677078865e+01
4.917055785879981755e+01
4.934292086718934911e+01
4.951465042606364619e+01
4.968575485572780792e+01
4.985624234323226744e+01
5.002612094309051827e+01
5.019539857813683881e+01
5.036408304051180096e+01
5.053218199276384581e+01
5.069970296905589890e+01
5.086665337646661555e+01
5.103304049637657158e+01
5.119887148593001314e+01
5.136415337956373861e+01
5.152889309059518297e+01
5.169309741286163273e+01
5.185677302240421938e+01
5.201992647918952883e+01
5.218256422886322099e+01
5.234469260452966921e+01
5.250631782855250407e+01
5.266744601437122242e+01
5.282808316832928597e+01
5.298823519150962369e+01
5.314790788157387880e+01
5.330710693460162020e+01
5.346583794692658387e+01
5.362410641696684621e+01
5.378191774704639982e+01
5.393927724520568034e+01
5.409619012699882035e+01
5.425266151727563368e+01
5.440869645194670312e+01
5.456429987972980911e+01
5.471947666387634968e+01
5.487423158387654354e+01
5.502856933714228660e+01
5.518249454066671689e+01
5.533601173265945761e+01
5.548912537415717594e+01
5.564183985060863336e+01
5.579415947343368742e+01
5.594608848155595382e+01
5.609763104290873059e+01
5.624879125591403550e+01
5.639957315093449353e+01
5.654998069169787556e+01
5.670001777669470755e+01
5.684968824054812586e+01
5.699899585535709434e+01
5.714794433201210921e+01
5.729653732148418044e+01
5.744477841608711799e+01
5.759267115071318699e+01
5.774021900404252250e+01
5.788742539972660239e+01
5.803429370754610517e+01
5.818082724454328059e+01
5.832702927612940158e+01
5.847290301716757455e+01
5.861845163303116379e+01
5.876367824063857626e+01
5.890858590946425721e+01
5.905317766252675682e+01
5.919745647735414451e+01
5.934142528692708396e+01
5.948508698060005884e+01
5.962844440500129650e+01
5.977150036491148910e+01
5.991425762412223577e+01
6.005671890627395015e+01
6.019888689567446249e+01
6.034076423809793965e+01
6.048235354156528132e+01
6.062365737710561575e+01
6.076467827950029488e+01
6.090541874800860711e+01
6.104588124707679953e+01
6.118606820702994753e+01
6.132598202474739679e+01
6.146562506432218242e+01
6.160499965770483044e+01
6.174410810533178307e+01
6.188295267673872502e+01
6.202153561115963498e+01
6.215985911811141307e+01
6.229792537796463847e+01
6.243573654250096894e+01
6.257329473545692622e+01
6.271060205305546731e+01
6.284766056452437510e+01
6.298447231260279011e+01
6.312103931403568424e+01
6.325736356005688066e+01
6.339344701686037098e+01
6.352929162606109514e+01
6.366489930514464390e+01
6.380027194790648082e+01
6.393541142488115270e+01
6.407031958376134639e+01
6.420499824980741721e+01
6.433944922624739604e+01
6.447367429466774524e+01
6.460767521539530378e+01
6.474145372787033637e+01
6.487501155101124084e+01
6.500835038357087114e+01
6.514147190448470326e+01
6.527437777321145518e+01
6.540706963006563512e+01
6.553954909654309802e+01
6.567181777563880019e+01
6.580387725215794603e+01
6.593572909301995821e+01
6.606737484755593925e+01
6.619881604779932616e+01
6.633005420877050540e+01
6.646109082875483409e+01
6.659192738957493418e+01
6.672256535685690437e+01
6.685300618029094721e+01
6.698325129388621235e+01
6.711330211622028230e+01
6.724316005068328650e+01
6.737282648571705579e+01
6.750230279504889097e+01
6.763159033792061336e+01
6.776069045931282631e+01
6.788960449016454390e+01
6.801833374758784601e+01
6.814687953507896623e+01
6.827524314272385197e+01
6.840342584740079701e+01
6.853142891297784445e+01
6.865925359050702070e+01
6.878690111841389410e+01
6.891437272268412073e+01
6.904166961704555661e+01
6.916879300314711543e+01
6.929574407073415898e+01
6.942252399781997951e+01
6.954913395085446837e+01
6.967557508488920348e+01
6.980184854373923997e+01
6.992795546014197328e+01
7.005389695591284749e+01
