8.100000000000000000e+01
8.118814305145518517e+01
8.137639666420429307e+01
8.156476085916426655e+01
8.175323567119181689e+01
8.194182114907590631e+01
8.213051735552704713e+01
8.231932436716411416e+01
8.250824227449774639e+01
8.269727118191092075e+01
8.288641120763655579e+01
8.307566248373215956e+01
8.326502515605147892e+01
8.345449938421334934e+01
8.364408534156727626e+01
8.383378321515664311e+01
8.402359320567839518e+01
8.421351552744030755e+01
8.440355040831509825e+01
8.459369808969185556e+01
8.478395882642455206e+01
8.497433288677770236e+01
8.516482055236926385e+01
8.535542211811070956e+01
8.554613789214444353e+01
8.573696819577837402e+01
8.592791336341771569e+01
8.611897374249440418e+01
8.631014969339327081e+01
8.650144158937634131e+01
8.669284981650379507e+01
8.688437477355284955e+01
8.707601687193367468e+01
8.726777653560320402e+01
8.745965420097618903e+01
8.765165031683368113e+01
8.784376534422952432e+01
8.803599975639384922e+01
8.822835403863464876e+01
8.842082868823685260e+01
8.861342421435914218e+01
8.880614113792833564e+01
8.899897999153193950e+01
8.919194131930794356e+01
8.938502567683296718e+01
8.957823363100789038e+01
8.977156575994197851e+01
8.996502265283400845e+01
9.015860490985245690e+01
9.035231314201293173e+01
9.054614797105419655e+01
9.074011002931176506e+01
9.093419995959044400e+01
9.112841841503420426e+01
9.132276605899487265e+01
9.151724356489896195e+01
9.171185161611276726e+01
9.190659090580588497e+01
9.210146213681306904e+01
9.229646602149470880e+01
9.249160328159555888e+01
9.268687464810241750e+01
9.288228086109975834e+01
9.307782266962462359e+01
9.327350083152008153e+01
9.346931611328672318e+01
9.366526928993415879e+01
9.386136114483012705e+01
9.405759246954920627e+01
9.425396406372004776e+01
9.445047673487184170e+01
9.464713129827966043e+01
9.484392857680859379e+01
9.504086940075741552e+01
9.523795460770108434e+01
9.543518504233240662e+01
9.563256155630313060e+01
9.583008500806413110e+01
9.602775626270482690e+01
9.622557619179224275e+01
9.642354567320920466e+01
9.662166559099202345e+01
9.681993683516785154e+01
9.701836030159131496e+01
9.721693689178086117e+01
9.741566751275472313e+01
9.761455307686645710e+01
9.781359450164040936e+01
9.801279270960654344e+01
9.821214862813543789e+01
9.841166318927302825e+01
9.861133732957499376e+01
9.881117198994139983e+01
9.901116811545087160e+01
9.921132665519540694e+01
9.941164856211456424e+01
9.961213479283020433e+01
9.981278630748096248e+01
1.000136040695572177e+02
1.002145890457363038e+02
1.004157422057173648e+02
1.006170645220573618e+02
1.008185569700066679e+02
1.010202205273454297e+02
1.012220561742201426e+02
1.014240648929807378e+02
1.016262476680180669e+02
1.018286054856018978e+02
1.020311393337196648e+02
1.022338502019151321e+02
1.024367390811287635e+02
1.026398069635375236e+02
1.028430548423962705e+02
1.030464837118793326e+02
1.032500945669231385e+02
1.034538884030692714e+02
1.036578662163088467e+02
1.038620290029270024e+02
1.040663777593490380e+02
1.042709134819868098e+02
1.044756371670865320e+02
1.046805498105770198e+02
1.048856524079194656e+02
1.050909459539578421e+02
1.052964314427704409e+02
1.055021098675225346e+02
1.057079822203201331e+02
1.059140494920645921e+02
1.061203126723089269e+02
1.063267727491145962e+02
1.065334307089100321e+02
1.067402875363500243e+02
1.069473442141766952e+02
1.071546017230813135e+02
1.073620610415676566e+02
1.075697231458166243e+02
1.077775890095523437e+02
1.079856596039090277e+02
1.081939358973001077e+02
1.084024188552877916e+02
1.086111094404547828e+02
1.088200086122770216e+02
1.090291173269979623e+02
1.092384365375041995e+02
1.094479671932029703e+02
1.096577102399003252e+02
1.098676666196818985e+02
1.100778372707941770e+02
1.102882231275279139e+02
1.104988251201027651e+02
1.107096441745539295e+02
1.109206812126197264e+02
1.111319371516312771e+02
1.113434129044035217e+02
1.115551093791279413e+02
1.117670274792668721e+02
1.119791681034494673e+02
1.121915321453692371e+02
1.124041204936832514e+02
1.126169340319131891e+02
1.128299736383476954e+02
1.130432401859466580e+02
1.132567345422472300e+02
1.134704575692713320e+02
1.136844101234348869e+02
1.138985930554589459e+02
1.141130072102821771e+02
1.143276534269754023e+02
1.145425325386578663e+02
1.147576453724147711e+02
1.149729927492169992e+02
1.151885754838422571e+02
1.154043943847983655e+02
1.156204502542477002e+02
1.158367438879339204e+02
1.160532760751098209e+02
1.162700475984677979e+02
1.164870592340709834e+02
1.167043117512870225e+02
1.169218059127231157e+02
1.171395424741626670e+02
1.173575221845043188e+02
1.175757457857020825e+02
1.177942140127072008e+02
1.180129275934123712e+02
1.182318872485968768e+02
1.184510936918741493e+02
1.186705476296403816e+02
1.188902497610254443e+02
1.191102007778452929e+02
1.193304013645558115e+02
1.195508521982087728e+02
1.197715539484093057e+02
1.199925072772749104e+02
1.202137128393963792e+02
1.204351712818004074e+02
1.206568832439135690e+02
1.208788493575283240e+02
1.211010702467702629e+02
1.213235465280675101e+02
1.215462788101214073e+02
1.217692676938786320e+02
1.219925137725056317e+02
1.222160176313638686e+02
1.224397798479871682e+02
1.226638009920606009e+02
1.228880816254006731e+02
1.231126223019373072e+02
1.233374235676973427e+02
1.235624859607897434e+02
1.237878100113917981e+02
1.240133962417374818e+02
1.242392451661069970e+02
1.244653572908176926e+02
1.246917331142169161e+02
1.249183731266757462e+02
1.251452778105847159e+02
1.253724476403506571e+02
1.255998830823949675e+02
1.258275845951535956e+02
1.260555526290780080e+02
1.262837876266379595e+02
1.265122900223251463e+02
1.267410602426587616e+02
1.269700987061919903e+02
1.271994058235198963e+02
1.274289819972890001e+02
1.276588276222073404e+02
1.278889430850566953e+02
1.281193287647055286e+02
1.283499850321233282e+02
1.285809122503960964e+02
1.288121107747433314e+02
1.290435809525357058e+02
1.292753231233144220e+02
1.295073376188114764e+02
1.297396247629708625e+02
1.299721848719715638e+02
1.302050182542507173e+02
1.304381252105287388e+02
1.306715060338349303e+02
1.309051610095344813e+02
1.311390904153560939e+02
1.313732945214213430e+02
1.316077735902739505e+02
1.318425278769113334e+02
1.320775576288157822e+02
1.323128630859877717e+02
1.325484444809790148e+02
1.327843020389277342e+02
1.330204359775935643e+02
1.332568465073939876e+02
1.334935338314415390e+02
1.337304981455816915e+02
1.339677396384315102e+02
1.342052584914193858e+02
1.344430548788251087e+02
1.346811289678208823e+02
1.349194809185131589e+02
1.351581108839849037e+02
1.353970190103387949e+02
1.356362054367409371e+02
1.358756702954650279e+02
1.361154137119378049e+02
1.363554358047840651e+02
1.365957366858731064e+02
1.368363164603653672e+02
1.370771752267597208e+02
1.373183130769408535e+02
1.375597300962279803e+02
1.378014263634231042e+02
1.380434019508602432e+02
1.382856569244551963e+02
1.385281913437550259e+02
1.387710052619887335e+02
1.390140987261178793e+02
1.392574717768875416e+02
1.395011244488776754e+02
1.397450567705546973e+02
1.399892687643235547e+02
1.402337604465797938e+02
1.404785318277616852e+02
1.407235829124035149e+02
1.409689136991877376e+02
1.412145241809984384e+02
1.414604143449740548e+02
1.417065841725609232e+02
1.419530336395667973e+02
1.421997627162137690e+02
1.424467713671924969e+02
1.426940595517153270e+02
1.429416272235702081e+02
1.431894743311741536e+02
1.434376008176268726e+02
1.436860066207646014e+02
1.439346916732134503e+02
1.441836559024429505e+02
1.444328992308194586e+02
1.446824215756595606e+02
1.449322228492831073e+02
1.451823029590663339e+02
1.454326618074946964e+02
1.456832992922156507e+02
1.459342153060909482e+02
1.461854097372491594e+02
1.464368824691376574e+02
1.466886333805739753e+02
1.469406623457981880e+02
1.471929692345233889e+02
1.474455539119866216e+02
1.476984162390001245e+02
1.479515560720009546e+02
1.482049732631009817e+02
1.484586676601368538e+02
1.487126391067182567e+02
1.489668874422777094e+02
1.492214125021179427e+02
1.494762141174602732e+02
1.497312921154917547e+02
1.499866463194123298e+02
