2.500000000000000000e+01
2.518827203062106790e+01
2.537691258583756593e+01
2.556592169819792204e+01
2.575529941501180176e+01
2.594504579244168241e+01
2.613516088963705997e+01
2.632564476291849331e+01
2.651649746001837116e+01
2.670771901438562779e+01
2.689930943956159837e+01
2.709126872363404814e+01
2.728359682377678297e+01
2.747629366088194303e+01
2.766935911429207451e+01
2.786279301663939378e+01
2.805659514879902261e+01
2.825076523496341707e+01
2.844530293784490382e+01
2.864020785401295299e+01
2.883547950937307647e+01
2.903111735479362210e+01
2.922712076188686581e+01
2.942348901895049806e+01
2.962022132707524591e+01
2.981731679642428290e+01
3.001477444268965300e+01
3.021259318373074976e+01
3.041077183639945858e+01
3.060930911355619344e+01
3.080820362128093137e+01
3.100745385628251682e+01
3.120705820350959669e+01
3.140701493396579025e+01
3.160732220273130366e+01
3.180797804719293964e+01
3.200898038548377400e+01
3.221032701513337315e+01
3.241201561192914937e+01
3.261404372898859094e+01
3.281640879604199057e+01
3.301910811892462760e+01
3.322213887927696874e+01
3.342549813445094742e+01
3.362918281761987771e+01
3.383318973808929542e+01
3.403751558180533010e+01
3.424215691205696288e+01
3.444711017036802048e+01
3.465237167757461378e+01
3.485793763508272747e+01
3.506380412630128518e+01
3.526996711824462949e+01
3.547642246329896665e+01
3.568316590114638842e+01
3.589019306084011163e+01
3.609749946302447654e+01
3.630508052229252058e+01
3.651293154967459031e+01
3.672104775525032494e+01
3.692942425087704805e+01
3.713805605302706425e+01
3.734693808572632179e+01
3.755606518358706580e+01
3.776543209492682962e+01
3.797503348496622522e+01
3.818486393909805798e+01
3.839491796622035480e+01
3.860519000212580920e+01
3.881567441294033927e+01
3.902636549860378068e+01
3.923725749638538218e+01
3.944834458442732483e+01
3.965962088530969964e+01
3.987108046963005847e+01
4.008271735959143456e+01
4.029452553259257286e+01
4.050649892481449399e+01
4.071863143479758662e+01
4.093091692700391349e+01
4.114334923535928112e+01
4.135592216677029853e+01
4.156862950461157880e+01
4.178146501217861442e+01
4.199442243610209147e+01
4.220749550971973463e+01
4.242067795640187455e+01
4.263396349282736963e+01
4.284734583220662074e+01
4.306081868744865204e+01
4.327437577426972126e+01
4.348801081424089432e+01
4.370171753777214008e+01
4.391548968703134648e+01
4.412932101879606961e+01
4.434320530723670117e+01
4.455713634662949119e+01
4.477110795399843113e+01
4.498511397168489623e+01
4.519914826984422973e+01
4.541320474886884284e+01
4.562727734173702743e+01
4.584136001628763069e+01
4.605544677741994519e+01
4.626953166921926908e+01
4.648360877700790894e+01
4.669767222932210160e+01
4.691171619981506780e+01
4.712573490908677343e+01
4.733972262644085305e+01
4.755367367156952696e+01
4.776758241616706613e+01
4.798144328547276416e+01
4.819525075974420503e+01
4.840899937566194922e+01
4.862268372766634883e+01
4.883629846922797668e+01
4.904983831405234440e+01
4.926329803722035194e+01
4.947667247626548459e+01
4.968995653218914299e+01
4.990314517041509390e+01
5.011623342168454798e+01
5.032921638289290911e+01
5.054208921786965902e+01
5.075484715810253533e+01
5.096748550340738149e+01
5.117999962254489787e+01
5.139238495378568672e+01
5.160463700542467791e+01
5.181675135624652739e+01
5.202872365594294735e+01
5.224054962548345316e+01
5.245222505744074226e+01
5.266374581627182749e+01
5.287510783855621810e+01
5.308630713319262640e+01
5.329733978155474006e+01
5.350820193760802823e+01
5.371888982798811440e+01
5.392939975204223657e+01
5.413972808183463314e+01
5.434987126211732544e+01
5.455982581026690781e+01
5.476958831618879486e+01
5.497915544218975015e+01
5.518852392281993247e+01
5.539769056468505681e+01
5.560665224623015490e+01
5.581540591749551083e+01
5.602394859984590880e+01
5.623227738567397438e+01
5.644038943807867525e+01
5.664828199051977009e+01
5.685595234644898710e+01
5.706339787891894133e+01
5.727061603017060065e+01
5.747760431119984048e+01
5.768436030130432357e+01
5.789088164761114541e+01
5.809716606458607657e+01
5.830321133352526886e+01
5.850901530202995104e+01
5.871457588346507350e+01
5.891989105640237767e+01
5.912495886404860812e+01
5.932977741365986191e+01
5.953434487594203262e+01
5.973865948443891938e+01
5.994271953490773797e+01
6.014652338468325610e+01
6.035006945203092954e+01
6.055335621548971403e+01
6.075638221320485854e+01
6.095914604225189493e+01
6.116164635795148286e+01
6.136388187317655252e+01
6.156585135765163841e+01
6.176755363724522141e+01
6.196898759325568307e+01
6.217015216169105685e+01
6.237104633254330821e+01
6.257166914905764799e+01
6.277201970699734801e+01
6.297209715390425089e+01
6.317190068835594019e+01
6.337142955921942189e+01
6.357068306490236154e+01
6.376966055260189847e+01
6.396836141755145633e+01
6.416678510226634558e+01
6.436493109578799476e+01
6.456279893292780514e+01
6.476038819351042264e+01
6.495769850161728698e+01
6.515472952483067104e+01
6.535148097347823182e+01
6.554795259987908196e+01
6.574414419759109762e+01
6.594005560066011640e+01
6.613568668287138053e+01
6.633103735700323966e+01
6.652610757408373843e+01
6.672089732265023088e+01
6.691540662801243400e+01
6.710963555151874971e+01
6.730358418982687851e+01
6.749725267417839802e+01
6.769064116967749101e+01
6.788374987457477516e+01
6.807657901955566615e+01
6.826912886703371441e+01
6.846139971044959793e+01
6.865339187357540141e+01
6.884510570982440925e+01
6.903654160156736452e+01
6.922769995945395749e+01
6.941858122174140533e+01
6.960918585362871625e+01
6.979951434659804477e+01
6.998956721776242773e+01
7.017934500922049779e+01
7.036884828741801812e+01
7.055807764251689207e+01
7.074703368777086609e+01
7.093571705890883550e+01
7.112412841352579562e+01
7.131226843048068531e+01
7.150013780930255791e+01
7.168773726960381509e+01
7.187506755050161189e+01
7.206212941004687877e+01
7.224892362466120233e+01
7.243545098858182030e+01
7.262171231331434740e+01
7.280770842709374335e+01
7.299344017435306853e+01
7.317890841520055289e+01
7.336411402490467992e+01
7.354905789338729960e+01
7.373374092472496955e+01
7.391816403665831103e+01
7.410232816010957890e+01
7.428623423870841691e+01
7.446988322832540064e+01
7.465327609661410690e+01
7.483641382256095653e+01
7.501929739604311465e+01
7.520192781739463328e+01
7.538430609698031049e+01
7.556643325477766382e+01
7.574831031996680508e+01
7.592993833052800312e+01
7.611131833284744630e+01
7.629245138133023829e+01
7.647333853802167880e+01
7.665398087223572077e+01
7.683437946019122933e+01
7.701453538465591464e+01
7.719444973459745540e+01
7.737412360484219676e+01
7.755355809574110992e+01
7.773275431284299941e+01
7.791171336657508562e+01
7.809043637193025234e+01
7.826892444816188288e+01
7.844717871848523316e+01
7.862520030978571128e+01
7.880299035233429095e+01
7.898054997950912082e+01
7.915788032752415404e+01
7.933498253516401633e+01
7.951185774352563840e+01
7.968850709576589963e+01
7.986493173685572344e+01
8.004113281334035435e+01
8.021711147310567469e+01
8.039286886515046149e+01
8.056840613936472550e+01
8.074372444631359258e+01
8.091882493702718193e+01
8.109370876279592721e+01
8.126837707497151086e+01
8.144283102477317016e+01
8.161707176309943179e+01
8.179110044034526084e+01
8.196491820622382818e+01
8.213852620959399076e+01
8.231192559829251820e+01
8.248511751897095223e+01
8.265810311693786616e+01
8.283088353600503240e+01
8.300345991833910375e+01
8.317583340431713168e+01
8.334800513238673147e+01
8.351997623893103651e+01
8.369174785813719097e+01
8.386332112186951804e+01
8.403469715954676644e+01
8.420587709802322252e+01
8.437686206147380119e+01
8.454765317128308766e+01
8.471825154593805962e+01
8.488865830092439069e+01
8.505887454862671859e+01
8.522890139823211086e+01
8.539873995563696951e+01
8.556839132335773002e+01
8.573785660044423196e+01
8.590713688239689816e+01
8.607623326108682704e+01
8.624514682467869875e+01
8.641387865755731923e+01
8.658242984025632438e+01
8.675080144939055060e+01
8.691899455759050852e+01
8.708701023344009684e+01
8.725484954141656146e+01
8.742251354183346734e+01
8.759000329078590141e+01
