6.400000000000000000e+01
6.418815796758421754e+01
6.437645633143975488e+01
6.456489512064086966e+01
6.475347438363625940e+01
6.494219418823652745e+01
6.513105462159671788e+01
6.532005579019363495e+01
6.550919781979838774e+01
6.569848085544391836e+01
6.588790506138745684e+01
6.607747062106824387e+01
6.626717773706015180e+01
6.645702663101961605e+01
6.664701754362852171e+01
6.683715073453237210e+01
6.702742648227378197e+01
6.721784508422095428e+01
6.740840685649169473e+01
6.759911213387265150e+01
6.778996126973386538e+01
6.798095463593902821e+01
6.817209262275081016e+01
6.836337563873199485e+01
6.855480411064219481e+01
6.874637848333009060e+01
6.893809921962133558e+01
6.912996680020248164e+01
6.932198172350038590e+01
6.951414450555782309e+01
6.970645567990474945e+01
6.989891579742587169e+01
7.009152542622422288e+01
7.028428515148081601e+01
7.047719557531064538e+01
7.067025731661506427e+01
7.086347101093053880e+01
7.105683731027372119e+01
7.125035688298345349e+01
7.144403041355906225e+01
7.163785860249575421e+01
7.183184216611650186e+01
7.202598183640120055e+01
7.222027836081245766e+01
7.241473250211902268e+01
7.260934503821582098e+01
7.280411676194182746e+01
7.299904848089494180e+01
7.319414101724456145e+01
7.338939520754182411e+01
7.358481190252730642e+01
7.378039196693670476e+01
7.397613627930437019e+01
7.417204573176489646e+01
7.436812122985261908e+01
7.456436369229963645e+01
7.476077405083185567e+01
7.495735324996363147e+01
7.515410224679087037e+01
7.535102201078272799e+01
7.554811352357218368e+01
7.574537777874525091e+01
7.594281578162930657e+01
7.614042854908042557e+01
7.633821710926991955e+01
7.653618250146993773e+01
7.673432577583875513e+01
7.693264799320540703e+01
7.713115022485376926e+01
7.732983355230656741e+01
7.752869906710907344e+01
7.772774787061264590e+01
7.792698107375849759e+01
7.812639979686130687e+01
7.832600516939312740e+01
7.852579832976789476e+01
7.872578042512584773e+01
7.892595261111893024e+01
7.912631605169653426e+01
7.932687191889212386e+01
7.952762139261051288e+01
7.972856566041633641e+01
7.992970591732313324e+01
8.013104336558394891e+01
8.033257921448284833e+01
8.053431468012786354e+01
8.073625098524513533e+01
8.093838935897488795e+01
8.114073103666856923e+01
8.134327725968789480e+01
8.154602927520538458e+01
8.174898833600700243e+01
8.195215570029641583e+01
8.215553263150140140e+01
8.235912039808221152e+01
8.256292027334198735e+01
8.276693353523958763e+01
8.297116146620444965e+01
8.317560535295386615e+01
8.338026648631273474e+01
8.358514616103560968e+01
8.379024567563143933e+01
8.399556633219074797e+01
8.420110943621560295e+01
8.440687629645209711e+01
8.461286822472571600e+01
8.481908653577956159e+01
8.502553254711511954e+01
8.523220757883635201e+01
8.543911295349627721e+01
8.564624999594690280e+01
8.585362003319194457e+01
8.606122439424258630e+01
8.626906440997646541e+01
8.647714141299967139e+01
8.668545673751181369e+01
8.689401171917438660e+01
8.710280769498217524e+01
8.731184600313790156e+01
8.752112798293021001e+01
8.773065497461456630e+01
8.794042831929773740e+01
8.815044935882518473e+01
8.836071943567202425e+01
8.857123989283685717e+01
8.878201207373913917e+01
8.899303732211969020e+01
8.920431698194425962e+01
8.941585239731051615e+01
8.962764491235816422e+01
8.983969587118215827e+01
9.005200661774915716e+01
9.026457849581697701e+01
9.047741284885735524e+01
9.069051101998161357e+01
9.090387435186930531e+01
9.111750418670014540e+01
9.133140186608845568e+01
9.154556873102096404e+01
9.176000612179717564e+01
9.197471537797264318e+01
9.218969783830510778e+01
9.240495484070311250e+01
9.262048772217751491e+01
9.283629781879542975e+01
9.305238646563670102e+01
9.326875499675296055e+01
9.348540474512886078e+01
9.370233704264579444e+01
9.391955322004778850e+01
9.413705460690947291e+01
9.435484253160622359e+01
9.457291832128629494e+01
9.479128330184474294e+01
9.500993879789920982e+01
9.522888613276747094e+01
9.544812662844655904e+01
9.566766160559328114e+01
9.588749238350636972e+01
9.610762028010981339e+01
9.632804661193733864e+01
9.654877269411808527e+01
9.676979984036326243e+01
9.699112936295354359e+01
9.721276257272739940e+01
9.743470077906982851e+01
9.765694528990181311e+01
9.787949741167000184e+01
9.810235844933681904e+01
9.832552970637048873e+01
9.854901248473511544e+01
9.877280808488093555e+01
9.899691780573380129e+01
9.922134294468453675e+01
9.944608479757798136e+01
9.967114465870093909e+01
9.989652382076937442e+01
1.001222235749151679e+02
1.003482452106709388e+02
1.005745900159544419e+02
1.008012592770510167e+02
1.010282542785947868e+02
1.012555763035481107e+02
1.014832266331791999e+02
1.017112065470378326e+02
1.019395173229288361e+02
1.021681602368834518e+02
1.023971365631281856e+02
1.026264475740511557e+02
1.028560945401656710e+02
1.030860787300710371e+02
1.033164014104103785e+02
1.035470638458251074e+02
1.037780672989064641e+02
1.040094130301431505e+02
1.042411022978658650e+02
1.044731363581877446e+02
1.047055164649411410e+02
1.049382438696102469e+02
1.051713198212597575e+02
1.054047455664589990e+02
1.056385223492019065e+02
1.058726514108222716e+02
1.061071339899042414e+02
1.063419713221883427e+02
1.065771646404721622e+02
1.068127151745062093e+02
1.070486241508845353e+02
1.072848927929301084e+02
1.075215223205747037e+02
1.077585139502333789e+02
1.079958688946731939e+02
1.082335883628763753e+02
1.084716735598975816e+02
1.087101256867152443e+02
1.089489459400769960e+02
1.091881355123390307e+02
1.094276955912991838e+02
1.096676273600239284e+02
1.099079319966691912e+02
1.101486106742945594e+02
1.103896645606712354e+02
1.106310948180837954e+02
1.108729026031249845e+02
1.111150890664844297e+02
1.113576553527307311e+02
1.116006026000868019e+02
1.118439319401989422e+02
1.120876444978992197e+02
1.123317413909611417e+02
1.125762237298493034e+02
1.128210926174618294e+02
1.130663491488668342e+02
1.133119944110322450e+02
1.135580294825494008e+02
1.138044554333500145e+02
1.140512733244170960e+02
1.142984842074896790e+02
1.145460891247613091e+02
1.147940891085725497e+02
1.150424851810977458e+02
1.152912783540257635e+02
1.155404696282351722e+02
1.157900599934638421e+02
1.160400504279732132e+02
1.162904418982073196e+02
1.165412353584466274e+02
1.167924317504571263e+02
1.170440320031345749e+02
1.172960370321442838e+02
1.175484477395567211e+02
1.178012650134786412e+02
1.180544897276807745e+02
1.183081227412215100e+02
1.185621648980675502e+02
1.188166170267110999e+02
1.190714799397842540e+02
1.193267544336709136e+02
1.195824412881163283e+02
1.198385412658344507e+02
1.200950551121137977e+02
1.203519835544217358e+02
1.206093273020077419e+02
1.208670870455057695e+02
1.211252634565363735e+02
1.213838571873085073e+02
1.216428688702217045e+02
1.219022991174688286e+02
1.221621485206397182e+02
1.224224176503262527e+02
1.226831070557290673e+02
1.229442172642662570e+02
1.232057487811845817e+02
1.234677020891736703e+02
1.237300776479831654e+02
1.239928758940435927e+02
1.242560972400914210e+02
1.245197420747981170e+02
1.247838107624044284e+02
1.250483036423595848e+02
1.253132210289660549e+02
1.255785632110306409e+02
1.258443304515214862e+02
1.261105229872321729e+02
1.263771410284528827e+02
1.266441847586491178e+02
1.269116543341482952e+02
1.271795498838347527e+02
1.274478715088534102e+02
1.277166192823224691e+02
1.279857932490554902e+02
1.282553934252933914e+02
1.285254197984463360e+02
1.287958723268463643e+02
1.290667509395105697e+02
1.293380555359155437e+02
1.296097859857830770e+02
1.298819421288779665e+02
1.301545237748171644e+02
1.304275307028920565e+02
1.307009626619025369e+02
1.309748193700043828e+02
1.312491005145695340e+02
1.315238057520595021e+02
1.317989347079124798e+02
1.320744869764440637e+02
1.323504621207617618e+02
1.326268596726936266e+02
1.329036791327309857e+02
1.331809199699855810e+02
1.334585816221610628e+02
1.337366634955389770e+02
1.340151649649796752e+02
1.342940853739371789e+02
1.345734240344897898e+02
1.348531802273846552e+02
1.351333532020974815e+02
1.354139421769068576e+02
1.356949463389835842e+02
1.359763648444945261e+02
