4.900000000000000000e+01
4.918817990205084101e+01
4.937654406109943750e+01
4.956509248160262615e+01
4.975382517099045998e+01
4.994274213966920684e+01
5.013184340102554160e+01
5.032112897143191077e+01
5.051059887025316186e+01
5.070025311985428118e+01
5.089009174560938220e+01
5.108011477591186633e+01
5.127032224218580581e+01
5.146071417889849187e+01
5.165129062357419798e+01
5.184205161680907281e+01
5.203299720228731928e+01
5.222412742679847497e+01
5.241544234025592175e+01
5.260694199571658913e+01
5.279862644940176608e+01
5.299049576071919176e+01
5.318254999228614821e+01
5.337478920995396692e+01
5.356721348283349471e+01
5.375982288332175330e+01
5.395261748712976413e+01
5.414559737331156697e+01
5.433876262429428294e+01
5.453211332590932869e+01
5.472564956742478159e+01
5.491937144157876105e+01
5.511327904461395377e+01
5.530737247631321907e+01
5.550165184003621732e+01
5.569611724275708298e+01
5.589076879510315621e+01
5.608560661139462411e+01
5.628063080968527743e+01
5.647584151180409862e+01
5.667123884339785889e+01
5.686682293397459631e+01
5.706259391694793948e+01
5.725855192968234064e+01
5.745469711353903364e+01
5.765102961392289416e+01
5.784754958032991823e+01
5.804425716639539701e+01
5.824115252994289449e+01
5.843823583303367997e+01
5.863550724201677866e+01
5.883296692757953394e+01
5.903061506479861009e+01
5.922845183319144269e+01
5.942647741676800877e+01
5.962469200408280301e+01
5.982309578828712660e+01
6.002168896718146129e+01
6.022047174326791463e+01
6.041944432380271479e+01
6.061860692084847813e+01
6.081795975132646248e+01
6.101750303706843681e+01
6.121723700486824526e+01
6.141716188653296626e+01
6.161727791893341077e+01
6.181758534405403793e+01
6.201808440904211750e+01
6.221877536625594018e+01
6.241965847331216821e+01
6.262073399313189270e+01
6.282200219398558261e+01
6.302346334953662677e+01
6.322511773888335540e+01
6.342696564659941316e+01
6.362900736277233449e+01
6.383124318304024314e+01
6.403367340862629931e+01
6.423629834637115721e+01
6.443911830876263025e+01
6.464213361396323876e+01
6.484534458583453898e+01
6.504875155395883723e+01
6.525235485365763566e+01
6.545615482600688040e+01
6.566015181784855770e+01
6.586434618179883671e+01
6.606873827625200590e+01
6.627332846538065780e+01
6.647811711913132626e+01
6.668310461321573257e+01
6.688829132909718567e+01
6.709367765397219330e+01
6.729926398074677252e+01
6.750505070800740270e+01
6.771103823998629423e+01
6.791722698652090173e+01
6.812361736300717041e+01
6.833020979034667164e+01
6.853700469488680369e+01
6.874400250835452653e+01
6.895120366778283483e+01
6.915860861542988403e+01
6.936621779869054194e+01
6.957403167000040867e+01
6.978205068673122469e+01
6.999027531107844879e+01
7.019870600994008214e+01
7.040734325478666733e+01
7.061618752152219258e+01
7.082523929033578725e+01
7.103449904554388183e+01
7.124396727542249153e+01
7.145364447202960889e+01
7.166353113101723693e+01
7.187362775143293447e+01
7.208393483551101610e+01
7.229445288845235496e+01
7.250518241819342791e+01
7.271612393516410577e+01
7.292727795203363428e+01
7.313864498344540266e+01
7.335022554573960463e+01
7.356202015666400484e+01
7.377402933507264038e+01
7.398625360061230083e+01
7.419869347339654553e+01
7.441134947366748520e+01
7.462422212144481648e+01
7.483731193616247879e+01
7.505061943629254984e+01
7.526414513895657876e+01
7.547788955952415790e+01
7.569185321119901744e+01
7.590603660459237290e+01
7.612044024728380975e+01
7.633506464336983299e+01
7.654991029299976901e+01
7.676497769189988674e+01
7.698026733088524054e+01
7.719577969535974660e+01
7.741151526480466316e+01
7.762747451225581585e+01
7.784365790376961058e+01
7.806006589787847361e+01
7.827669894503581816e+01
7.849355748705100666e+01
7.871064195651483431e+01
7.892795277621576133e+01
7.914549035854754777e+01
7.936325510490878798e+01
7.958124740509491346e+01
7.979946763668309018e+01
8.001791616441090582e+01
8.023659333954925899e+01
8.045549949927031719e+01
8.067463496601125428e+01
8.089400004683427881e+01
8.111359503278416128e+01
8.133342019824381453e+01
8.155347580028875143e+01
8.177376207804154262e+01
8.199427925202692791e+01
8.221502752352873244e+01
8.243600707394944038e+01
8.265721806417333539e+01
8.287866063393452976e+01
8.310033490119063515e+01
8.332224096150314097e+01
8.354437888742569385e+01
8.376674872790135851e+01
8.398935050766974086e+01
8.421218422668549408e+01
8.443524985954864803e+01
8.465854735494869487e+01
8.488207663512272916e+01
8.510583759532931936e+01
8.532983010333892082e+01
8.555405399894192442e+01
8.577850909347554875e+01
8.600319516937047126e+01
8.622811197971822139e+01
8.645325924786041583e+01
8.667863666700085901e+01
8.690424389984114839e+01
8.713008057824110608e+01
8.735614630290440630e+01
8.758244064309079135e+01
8.780896313635506090e+01
8.803571328831397125e+01
8.826269057244157068e+01
8.848989442989345378e+01
8.871732426936077331e+01
8.894497946695426549e+01
8.917285936611884267e+01
8.940096327757908057e+01
8.962929047931579873e+01
8.985784021657433129e+01
9.008661170190416101e+01
9.031560411523032883e+01
9.054481660395677523e+01
9.077424828310095961e+01
9.100389823546041157e+01
9.123376551181057437e+01
9.146384913113369919e+01
9.169414808087850588e+01
9.192466131725051071e+01
9.215538776553198375e+01
9.238632632043142223e+01
9.261747584646195719e+01
9.284883517834781230e+01
9.308040312145813289e+01
9.331217845226764496e+01
9.354415991884310699e+01
9.377634624135457386e+01
9.400873611261098972e+01
9.424132819861846144e+01
9.447412113916092835e+01
9.470711354840163665e+01
9.494030401550448062e+01
9.517369110527423004e+01
9.540727335881440752e+01
9.564104929420146561e+01
9.587501740717451071e+01
9.610917617183882555e+01
9.634352404138248005e+01
9.657805944880458071e+01
9.681278080765365246e+01
9.704768651277576907e+01
9.728277494107008749e+01
9.751804445225160123e+01
9.775349338961930812e+01
9.798912008082871239e+01
9.822492283866753837e+01
9.846089996183390269e+01
9.869704973571494122e+01
9.893337043316556390e+01
9.916986031528597323e+01
9.940651763219703696e+01
9.964334062381220747e+01
9.988032752060543373e+01
1.001174765443738295e+02
1.003547859089944154e+02
1.005922538211736139e+02
1.008298784811896383e+02
1.010676580836259149e+02
1.013055908180953537e+02
1.015436748699548559e+02
1.017819084210093052e+02
1.020202896502040630e+02
1.022588167343063219e+02
1.024974878485733853e+02
1.027363011674090529e+02
1.029752548650064057e+02
1.032143471159769490e+02
1.034535760959662412e+02
1.036929399822548419e+02
1.039324369543449649e+02
1.041720651945325500e+02
1.044118228884639308e+02
1.046517082256778224e+02
1.048917194001318762e+02
1.051318546107137024e+02
1.053721120617367717e+02
1.056124899634206571e+02
1.058529865323558141e+02
1.060935999919529564e+02
1.063343285728768279e+02
1.065751705134649114e+02
1.068161240601306332e+02
1.070571874677514330e+02
1.072983590000418843e+02
1.075396369299118788e+02
1.077810195398101314e+02
1.080225051220530901e+02
1.082640919791397209e+02
1.085057784240517407e+02
1.087475627805404770e+02
1.089894433833997454e+02
1.092314185787253678e+02
1.094734867241615461e+02
1.097156461891344463e+02
1.099578953550728784e+02
1.102002326156170113e+02
1.104426563768146110e+02
1.106851650573059231e+02
1.109277570884965201e+02
1.111704309147194039e+02
1.114131849933859968e+02
1.116560177951264734e+02
1.118989278039198183e+02
1.121419135172137800e+02
1.123849734460350618e+02
1.126281061150901763e+02
1.128713100628569350e+02
1.131145838416671836e+02
1.133579260177807271e+02
1.136013351714512822e+02
1.138448098969838753e+02
1.140883488027849637e+02
1.143319505114045711e+02
1.145756136595715731e+02
1.148193368982216072e+02
1.150631188925185455e+02
1.153069583218693026e+02
1.155508538799323475e+02
1.157948042746203896e+02
1.160388082280970536e+02
1.162828644767682107e+02
1.165269717712677391e+02
1.167711288764384960e+02
1.170153345713079887e+02
1.172595876490596396e+02
1.175038869169993347e+02
1.177482311965180486e+02
1.179926193230498228e+02
1.182370501460261636e+02
1.184815225288266305e+02
1.187260353487258016e+02
1.189705874968367567e+02
