2.021514773095898221e-01
1.857689532363701324e-01
1.624357683637997485e-01
1.388495763133976157e-01
1.173228859505341115e-01
9.857641822506348073e-02
8.264907198072436734e-02
6.929655207097654146e-02
5.817956004849430401e-02
4.895134404215478741e-02
4.129511991265343712e-02
3.493678936896853909e-02
2.964603879733694602e-02
2.523248116825811682e-02
2.154013053320773252e-02
1.844174703917780822e-02
1.583370138845095754e-02
1.363157201229836524e-02
1.176648650231600091e-02
1.018213491487503231e-02
8.832355888536730371e-03
7.679196091027601367e-03
6.691353839672481429e-03
5.842931335919648861e-03
5.112433422597539856e-03
4.481962744902284745e-03
3.936571280190231947e-03
3.463736443227144468e-03
3.052936591255911436e-03
2.695306011688117231e-03
2.383353628624060305e-03
2.110732935007034183e-03
1.872053229684172981e-03
1.662724262473547210e-03
1.478827984430094999e-03
1.317012358246411052e-03
1.174403178442820495e-03
1.048530639612882398e-03
9.372680180017162188e-04
8.387803316305952883e-04
7.514812439783774556e-04
6.739967969531107661e-04
6.051348168779335790e-04
5.438590454778791106e-04
4.892672163536726515e-04
4.405724342571859520e-04
3.970873258326290678e-04
3.582105214613995336e-04
3.234151022418474408e-04
2.922387072742393954e-04
2.642750466968490919e-04
2.391666074317844171e-04
2.165983729129072888e-04
1.962924065617988045e-04
1.780031724142594474e-04
1.615134860222522395e-04
1.466310052353203552e-04
1.331851842097386829e-04
1.210246255769764634e-04
1.100147753864411104e-04
1.000359136353601297e-04
9.098140006591481921e-05
8.275614078034898569e-05
7.527524611999902859e-05
6.846285447703603921e-05
6.225110024007940446e-05
5.657920715063102790e-05
5.139269084927788889e-05
4.664265672810197216e-05
4.228518093865596406e-05
3.828076417225489969e-05
3.459384911055907175e-05
3.119239369769877257e-05
2.804749339949119680e-05
2.513304647580594242e-05
2.242545711328425284e-05
1.990337185703294764e-05
1.754744541831998461e-05
1.534013237056153223e-05
1.326550174213236843e-05
1.130907181198792522e-05
9.457662813600054008e-06
7.699265478361416726e-06
6.022923634940724469e-06
4.418629270697138622e-06
2.877228665015829634e-06
1.390338364715137942e-06
-4.973009007369633139e-08
-1.450037639127987887e-06
-2.817078240180403981e-06
-4.156833202484389034e-06
-5.474819999157221062e-06
-6.776136146552369510e-06
-8.065498661696812732e-06
-9.347279571914057783e-06
-1.062553790434628276e-05
-1.190404849907289453e-05
-1.318632798558150299e-05
-1.447565822504381927e-05
-1.577510745109922397e-05
-1.708754938234413601e-05
-1.841568046756503207e-05
-1.976203548670341092e-05
-2.112900166423292703e-05
-2.251883143153388112e-05
-2.393365397126978600e-05
-2.537548569603309545e-05
-2.684623971591082459e-05
-2.834773444290727973e-05
-2.988170137419032812e-05
-3.144979216126997379e-05
-3.305358503125077618e-05
-3.469459060193025302e-05
-3.637425717575859530e-05
-3.809397554069282599e-05
-3.985508333681497817e-05
-4.165886902640636436e-05
-4.350657550292180709e-05
-4.539940337569547957e-05
-4.733851395349875091e-05
