1.000000000000000000e+00
1.281013085120163097e+00
1.559736487205311439e+00
1.836090757473792356e+00
2.109995843921189440e+00
2.381371462337135814e+00
2.650137510765147919e+00
2.916214526159128351e+00
3.179524180717123283e+00
3.439989813961995768e+00
3.697536995128609671e+00
3.952094108863657418e+00
4.203592955714931634e+00
4.451969357463285704e+00
4.697163756120931843e+00
4.939121794475471283e+00
5.177794865486927911e+00
5.413140617719632175e+00
5.645123404365716802e+00
5.873714664319690471e+00
6.098893225187091538e+00
6.320645520013513874e+00
6.538965711826232763e+00
6.753855722682349239e+00
6.965325166684055880e+00
7.173391189209647578e+00
7.378078217273753125e+00
7.579417628336454271e+00
7.777447346915378645e+00
7.972211379931979813e+00
8.163759302792648498e+00
8.352145708751358200e+00
8.537429634140991652e+00
8.719673971642349031e+00
8.898944882951488111e+00
9.075311221090087699e+00
9.248843971269456787e+00
9.419615717754210138e+00
9.587700142659111080e+00
9.753171561121991573e+00
9.916104495885120329e+00
1.007657329302975491e+01
1.023465177947226046e+01
1.039041296186192120e+01
1.054392876572448223e+01
1.069526981306760050e+01
1.084450523619489815e+01
1.099170252514760904e+01
1.113692740599046616e+01
1.128024374706140875e+01
1.142171349029482563e+01
1.156139660478676490e+01
1.169935105988232671e+01
1.183563281521500699e+01
1.197029582530335290e+01
1.210339205650121741e+01
1.223497151429598873e+01
1.236508227914765534e+01
1.249377054925543185e+01
1.262108068882427681e+01
1.274705528057861592e+01
1.287173518143271522e+01
1.299515958037623875e+01
1.311736605776913045e+01
1.323839064536147880e+01
1.335826788646315677e+01
1.347703089578433655e+01
1.359471141855281573e+01
1.371133988858840169e+01
1.382694548507897281e+01
1.394155618785841355e+01
1.405519883103447398e+01
1.416789915485519735e+01
1.427968185573704574e+01
1.439057063440681361e+01
1.450058824213354569e+01
1.460975652504683531e+01
1.471809646655408699e+01
1.482562822788263723e+01
1.493237118678337794e+01
1.503834397444061466e+01
1.514356451063948406e+01
1.524805003724682706e+01
1.535181715006493874e+01
1.545488182911975450e+01
1.555725946744626675e+01
1.565896489843452954e+01
1.576001242179946615e+01
1.586041582823688323e+01
1.596018842282713379e+01
1.605934304724647177e+01
1.615789210084437855e+01
1.625584756064325731e+01
1.635322100031521941e+01
1.645002360818817877e+01
1.654626620433164064e+01
1.664195925677037380e+01
1.673711289687181747e+01
1.683173693395129433e+01
1.692584086913663555e+01
1.701943390853198323e+01
1.711252497571849318e+01
1.720512272362774198e+01
1.729723554582176348e+01
1.738887158721178849e+01
1.748003875424611309e+01
1.757074472459604664e+01
1.766099695636675904e+01
1.775080269685911816e+01
1.784016899090661568e+01
1.792910268881025004e+01
1.801761045389314830e+01
1.810569876969532643e+01
1.819337394682781195e+01
1.828064212950433287e+01
1.836750930176786056e+01
1.845398129342804694e+01
1.854006378572484337e+01
1.862576231673298821e+01
1.871108228652040850e+01
1.879602896207407881e+01
1.888060748200475558e+01
1.896482286104254555e+01
1.904867999433373882e+01
1.913218366154922023e+01
1.921533853081417220e+01
1.929814916246785828e+01
1.938062001266234091e+01
1.946275543680792097e+01
1.954455969287332806e+01
1.962603694454744030e+01
1.970719126426969936e+01
1.978802663613546642e+01
1.986854695868245813e+01
1.994875604756412457e+01
2.002865763811519528e+01
2.010825538781482891e+01
2.018755287865200643e+01
2.026655361939788236e+01
2.034526104778949929e+01
2.042367853262895494e+01
2.050180937580186225e+01
2.057965681421909210e+01
2.065722402168494298e+01
2.073451411069537897e+01
2.081153013416933106e+01
2.088827508711616332e+01
2.096475190824204660e+01
2.104096348149811035e+01
2.111691263757268544e+01
2.119260215533033787e+01
2.126803476319983943e+01
2.134321314051338803e+01
2.141813991879897472e+01
2.149281768302814299e+01
2.156724897282086673e+01
2.164143628360933747e+01
2.171538206776244806e+01
2.178908873567259974e+01
2.186255865680624666e+01
2.193579416071987254e+01
2.200879753804256111e+01
2.208157104142676275e+01
2.215411688646831934e+01
2.222643725259703373e+01
2.229853428393893822e+01
2.237041009015150550e+01
2.244206674723256612e+01
2.251350629830426442e+01
2.258473075437273181e+01
2.265574209506464243e+01
2.272654226934136901e+01
2.279713319619160217e+01
2.286751676530329647e+01
2.293769483771569284e+01
2.300766924645204270e+01
2.307744179713395027e+01
2.314701426857778088e+01
2.321638841337391312e+01
2.328556595844944255e+01
2.335454860561482349e+01
2.342333803209517029e+01
2.349193589104665847e+01
2.356034381205852668e+01
2.362856340164121960e+01
2.369659624370117967e+01
2.376444390000271767e+01
2.383210791061729594e+01
2.389958979436083908e+01
2.396689104921937030e+01
2.403401315276326855e+01
2.410095756255078570e+01
2.416772571652085588e+01
2.423431903337577253e+01
2.430073891295398525e+01
2.436698673659340031e+01
2.443306386748529846e+01
2.449897165101937802e+01
2.456471141512016843e+01
2.463028447057494219e+01
2.469569211135357278e+01
2.476093561492040607e+01
2.482601624253861061e+01
2.489093523956705312e+01
2.495569383574994760e+01
2.502029324549960521e+01
2.508473466817242326e+01
2.514901928833827327e+01
2.521314827604353326e+01
2.527712278706796312e+01
2.534094396317560438e+01
2.540461293235983220e+01
2.546813080908271942e+01
2.553149869450901477e+01
2.559471767673468889e+01
2.565778883101036101e+01
2.572071321995962023e+01
2.578349189379261475e+01
2.584612589051463871e+01
2.590861623613035647e+01
2.597096394484333004e+01
2.603317001925127627e+01
2.609523545053706428e+01
2.615716121865552779e+01
2.621894829251633752e+01
2.628059763016283057e+01
2.634211017894715567e+01
2.640348687570162411e+01
2.646472864690647953e+01
2.652583640885415406e+01
2.658681106781008197e+01
2.664765352017014521e+01
2.670836465261493942e+01
2.676894534226085653e+01
2.682939645680798080e+01
2.688971885468516732e+01
2.694991338519194102e+01
2.700998088863777369e+01
2.706992219647844777e+01
2.712973813144969881e+01
2.718942950769826084e+01
2.724899713091027564e+01
2.730844179843726494e+01
2.736776429941950539e+01
2.742696541490712292e+01
2.748604591797880659e+01
2.754500657385822038e+01
2.760384814002818388e+01
2.766257136634272484e+01
2.772117699513692912e+01
2.777966576133475129e+01
2.783803839255485357e+01
2.789629560921433082e+01
2.795443812463061306e+01
2.801246664512147078e+01
2.807038187010308050e+01
2.812818449218643480e+01
2.818587519727182666e+01
2.824345466464174592e+01
2.830092356705201340e+01
2.835828257082130222e+01
2.841553233591902838e+01
2.847267351605166752e+01
2.852970675874761852e+01
2.858663270544036195e+01
2.864345199155039623e+01
2.870016524656553614e+01
2.875677309411989313e+01
2.881327615207149151e+01
2.886967503257849188e+01
2.892597034217409302e+01
2.898216268184020450e+01
2.903825264707978349e+01
2.909424082798797428e+01
2.915012780932202929e+01
2.920591417057006467e+01
2.926160048601861519e+01
2.931718732481906997e+01
2.937267525105307442e+01
2.942806482379664956e+01
2.948335659718346591e+01
2.953855112046692000e+01
2.959364893808131924e+01
2.964865058970181977e+01
2.970355661030379579e+01
2.975836753022076309e+01
2.981308387520169845e+01
2.986770616646740706e+01
2.992223492076574232e+01
2.997667065042626078e+01
3.003101386341373669e+01
3.008526506338105122e+01
3.013942474972100527e+01
3.019349341761758154e+01
3.024747155809611243e+01
3.030135965807294340e+01
3.035515820040412294e+01
3.040886766393337837e+01
3.046248852353945580e+01
3.051602125018256118e+01
3.056946631095019384e+01
3.062282416910230509e+01
3.067609528411564668e+01
3.072928011172757579e+01
3.078237910397910682e+01
3.083539270925731657e+01
3.088832137233720943e+01
3.094116553442283291e+01
3.099392563318784255e+01
3.104660210281544153e+01
3.109919537403778733e+01
3.115170587417470927e+01
3.120413402717190010e+01
3.125648025363860327e+01
3.130874497088473518e+01
3.136092859295738577e+01
3.141303153067683596e+01
3.146505419167206341e+01
3.151699698041580433e+01
3.156886029825897211e+01
