1.210000000000000000e+02
1.211883088800692150e+02
1.213770599651693374e+02
1.215662532357467853e+02
1.217558886592161826e+02
1.219459661899656879e+02
1.221364857693651231e+02
1.223274473257758928e+02
1.225188507745633331e+02
1.227106960181113635e+02
1.229029829458391987e+02
1.230957114342203056e+02
1.232888813468038052e+02
1.234824925342376076e+02
1.236765448342942477e+02
1.238710380718985533e+02
1.240659720591576303e+02
1.242613465953929222e+02
1.244571614671745436e+02
1.246534164483575040e+02
1.248501113001204033e+02
1.250472457710058904e+02
1.252448195969633531e+02
1.254428325013935250e+02
1.256412841951955386e+02
1.258401743768155399e+02
1.260395027322975210e+02
1.262392689353361419e+02
1.264394726473314705e+02
1.266401135174457124e+02
1.268411911826618166e+02
1.270427052678439281e+02
1.272446553857999874e+02
1.274470411373457210e+02
1.276498621113708225e+02
1.278531178849068937e+02
1.280568080231969077e+02
1.282609320797667465e+02
1.284654895964979460e+02
1.286704801037031132e+02
1.288759031202014285e+02
1.290817581533978000e+02
1.292880446993613930e+02
1.294947622429079672e+02
1.297019102576814475e+02
1.299094882062394163e+02
1.301174955401376678e+02
1.303259317000183728e+02
1.305347961156979295e+02
1.307440882062576009e+02
1.309538073801340943e+02
1.311639530352127565e+02
1.313745245589211663e+02
1.315855213283243756e+02
1.317969427102212023e+02
1.320087880612419440e+02
1.322210567279465749e+02
1.324337480469250181e+02
1.326468613448976157e+02
1.328603959388172484e+02
1.330743511359719662e+02
1.332887262340890686e+02
1.335035205214395262e+02
1.337187332769441070e+02
1.339343637702791909e+02
1.341504112619849707e+02
1.343668750035726589e+02
1.345837542376342526e+02
1.348010481979512747e+02
1.350187561096058459e+02
1.352368771890907908e+02
1.354554106444217325e+02
1.356743556752491315e+02
1.358937114729708071e+02
1.361134772208446009e+02
1.363336520941033996e+02
1.365542352600674292e+02
1.367752258782601302e+02
1.369966231005220436e+02
1.372184260711266006e+02
1.374406339268952877e+02
1.376632457973135502e+02
1.378862608046462981e+02
1.381096780640550037e+02
1.383334966837130082e+02
1.385577157649227047e+02
1.387823344022320669e+02
1.390073516835510077e+02
1.392327666902682779e+02
1.394585784973683360e+02
1.396847861735479341e+02
1.399113887813327892e+02
1.401383853771939698e+02
1.403657750116650789e+02
1.405935567294579016e+02
1.408217295695789062e+02
1.410502925654454032e+02
1.412792447450009377e+02
1.415085851308315057e+02
1.417383127402801222e+02
1.419684265855624972e+02
1.421989256738811491e+02
1.424298090075400012e+02
1.426610755840585227e+02
1.428927243962853595e+02
1.431247544325107128e+02
1.433571646765801972e+02
1.435899541080061965e+02
1.438231217020803854e+02
1.440566664299841761e+02
1.442905872589003025e+02
1.445248831521225839e+02
1.447595530691655199e+02
1.449945959658735148e+02
1.452300107945293917e+02
1.454657965039619398e+02
1.457019520396532357e+02
1.459384763438455082e+02
1.461753683556462420e+02
1.464126270111340773e+02
1.466502512434627761e+02
1.468882399829651888e+02
1.471265921572562263e+02
1.473653066913350926e+02
1.476043825076862390e+02
1.478438185263811420e+02
1.480836136651772392e+02
1.483237668396172069e+02
1.485642769631276394e+02
1.488051429471160532e+02
1.490463637010676621e+02
1.492879381326410169e+02
1.495298651477633314e+02
1.497721436507235921e+02
1.500147725442666058e+02
1.502577507296849717e+02
1.505010771069102020e+02
1.507447505746031311e+02
1.509887700302439271e+02
1.512331343702203128e+02
1.514778424899151901e+02
1.517228932837940931e+02
1.519682856454899138e+02
1.522140184678885646e+02
1.524600906432128227e+02
1.527065010631050654e+02
1.529532486187095230e+02
1.532003322007531665e+02
1.534477506996258853e+02
1.536955030054598694e+02
1.539435880082071435e+02
1.541920045977177267e+02
1.544407516638149502e+02
1.546898280963711443e+02
1.549392327853819609e+02
1.551889646210395881e+02
1.554390224938051119e+02
1.556894052944797977e+02
1.559401119142755192e+02
1.561911412448844487e+02
1.564424921785469849e+02
1.566941636081195099e+02
1.569461544271408400e+02
1.571984635298979924e+02
1.574510898114901067e+02
1.577040321678927057e+02
1.579572894960202518e+02
1.582108606937870263e+02
1.584647446601690888e+02
1.587189402952627688e+02
1.589734465003447212e+02
1.592282621779285705e+02
1.594833862318227773e+02
1.597388175671861177e+02
1.599945550905825939e+02
1.602505977100364305e+02
1.605069443350839435e+02
1.607635938768270023e+02
1.610205452479835628e+02
1.612777973629384576e+02
1.615353491377929913e+02
1.617931994904134001e+02
1.620513473404786851e+02
1.623097916095275082e+02
1.625685312210038376e+02
1.628275651003027065e+02
1.630868921748135278e+02
1.633465113739643186e+02
1.636064216292638775e+02
1.638666218743431386e+02
1.641271110449965533e+02
1.643878880792214545e+02
1.646489519172576195e+02
1.649103015016255540e+02
1.651719357771638386e+02
1.654338536910659911e+02
1.656960541929162218e+02
1.659585362347245621e+02
1.662212987709612833e+02
1.664843407585902924e+02
1.667476611571020726e+02
1.670112589285455442e+02
1.672751330375592431e+02
1.675392824514020162e+02
1.678037061399827223e+02
1.680684030758891083e+02
1.683333722344164585e+02
1.685986125935945381e+02
1.688641231342152196e+02
1.691299028398582607e+02
1.693959506969165147e+02
1.696622656946213681e+02
1.699288468250663868e+02
1.701956930832307648e+02
1.704628034670024306e+02
1.707301769771999886e+02
1.709978126175939792e+02
1.712657093949279670e+02
1.715338663189387773e+02
1.718022824023761359e+02
1.720709566610213130e+02
1.723398881137058538e+02
1.726090757823293131e+02
1.728785186918760246e+02
1.731482158704325229e+02
1.734181663492024654e+02
1.736883691625231450e+02
1.739588233478798998e+02
1.742295279459203243e+02
1.745004820004683097e+02
1.747716845585374301e+02
1.750431346703433917e+02
1.753148313893163674e+02
1.755867737721126787e+02
1.758589608786262772e+02
1.761313917719989206e+02
1.764040655186310005e+02
1.766769811881907515e+02
1.769501378536236587e+02
1.772235345911616946e+02
1.774971704803306523e+02
1.777710446039593251e+02
1.780451560481858735e+02
1.783195039024650725e+02
1.785940872595755877e+02
1.788689052156246930e+02
1.791439568700554616e+02
1.794192413256511998e+02
1.796947576885404203e+02
1.799705050682017884e+02
1.802464825774677593e+02
1.805226893325286710e+02
1.807991244529355015e+02
1.810757870616038474e+02
1.813526762848154874e+02
1.816297912522213949e+02
1.819071310968431305e+02
1.821846949550750594e+02
1.824624819666846349e+02
1.827404912748142465e+02
1.830187220259809351e+02
1.832971733700775872e+02
1.835758444603717408e+02
1.838547344535063530e+02
1.841338425094981233e+02
1.844131677917373224e+02
1.846927094669858320e+02
1.849724667053762062e+02
1.852524386804093979e+02
1.855326245689528832e+02
1.858130235512381603e+02
1.860936348108581626e+02
1.863744575347644741e+02
1.866554909132639466e+02
1.869367341400154885e+02
1.872181864120263981e+02
1.874998469296482995e+02
1.877817148965734759e+02
1.880637895198301806e+02
1.883460700097778329e+02
1.886285555801029261e+02
1.889112454478136272e+02
1.891941388332347742e+02
1.894772349600017947e+02
1.897605330550564702e+02
1.900440323486398313e+02
1.903277320742867005e+02
1.906116314688197519e+02
1.908957297723429747e+02
1.911800262282349649e+02
1.914645200831423608e+02
1.917492105869731063e+02
1.920340969928896300e+02
1.923191785573008872e+02
1.926044545398557943e+02
1.928899242034354700e+02
1.931755868141456745e+02
1.934614416413087383e+02
1.937474879574559452e+02
1.940337250383194601e+02
1.943201521628240300e+02
1.946067686130786569e+02
1.948935736743682412e+02
1.951805666351448849e+02
1.954677467870195073e+02
1.957551134247526932e+02
1.960426658462457112e+02
1.963304033525321586e+02
1.966183252477680412e+02
1.969064308392227929e+02
1.971947194372704928e+02
1.974831903553795485e+02
1.977718429101037145e+02
1.980606764210722872e+02
1.983496902109808389e+02
1.986388836055807303e+02
1.989282559336697886e+02
1.992178065270821037e+02
1.995075347206780805e+02
1.997974398523345769e+02
