4.000000000000000000e+00
4.187350781524681764e+00
4.373227916858827946e+00
4.557632423148294976e+00
4.740565992633651859e+00
4.922030988166358867e+00
5.102030436971215721e+00
5.280568022694177799e+00
5.457648075785303199e+00
5.633275562276212511e+00
5.807456071020857813e+00
5.980195799476787144e+00
6.151501538111631362e+00
6.321380653526437854e+00
6.489841070393100431e+00
6.656891252308043683e+00
6.822540181668017567e+00
6.986797338676725921e+00
7.149672679592723235e+00
7.311176614329852441e+00
7.471319983521390817e+00
7.630114035157875563e+00
7.787570400906883350e+00
7.943701072220296311e+00
8.098518376331092838e+00
8.252034952237909948e+00
8.404263726770869525e+00
8.555217890827163885e+00
8.704910875859576791e+00
8.853356330695138610e+00
9.000568098755314494e+00
9.146560195742946320e+00
9.291346787854839917e+00
9.434942170572744757e+00
9.577360748079163599e+00
9.718617013338468169e+00
9.858725528877569033e+00
9.997700908294865130e+00
1.013555779852050343e+01
1.027231086284568562e+01
1.040797476473382410e+01
1.054256415242151768e+01
1.067609364431310404e+01
1.080857781516826677e+01
1.094003118307862543e+01
1.107046819722583209e+01
1.119990322641040947e+01
1.132835054833824096e+01
1.145582433964869118e+01
1.158233866666676981e+01
1.170790747685937561e+01
1.183254459097463140e+01
1.195626369584159754e+01
1.207907833780693885e+01
1.220100191678415058e+01
1.232204768089031788e+01
1.244222872164520943e+01
1.256155796970693750e+01
1.268004819111873793e+01
1.279771198404113974e+01
1.291456177594426968e+01
1.303060982123530920e+01
1.314586819929638750e+01
1.326034881290887846e+01
1.337406338704064979e+01
1.348702346797333718e+01
1.359924042274740685e+01
1.371072543890380935e+01
1.382148952450130430e+01
1.393154350838972277e+01
1.404089804072010317e+01
1.414956359367344163e+01
1.425755046239060597e+01
1.436486876608685748e+01
1.447152844933520655e+01
1.457753928350358663e+01
1.468291086833160719e+01
1.478765263363361626e+01
1.489177384111526337e+01
1.499528358629172864e+01
1.509819080049637030e+01
1.520050425296919805e+01
1.530223255301546281e+01
1.540338415222495172e+01
1.550396734674352750e+01
1.560399027958876061e+01
1.570346094300222362e+01
1.580238718083155014e+01
1.590077669093570378e+01
1.599863702760766415e+01
1.609597560400879956e+01
1.619279969461016577e+01
1.628911643763569828e+01
1.638493283750343110e+01
1.648025576726036334e+01
1.657509197100787901e+01
1.666944806631405740e+01
1.676333054661015254e+01
1.685674578356857367e+01
1.694970002945976262e+01
1.704219941948597139e+01
1.713424997409003225e+01
1.722585760123726928e+01
1.731702809866905568e+01
1.740776715612680192e+01
1.749808035754503166e+01
1.758797318321273906e+01
1.767745101190190127e+01
1.776651912296277303e+01
1.785518269838498995e+01
1.794344682482430287e+01
1.803131649559442451e+01
1.811879661262369368e+01
1.820589198837648581e+01
1.829260734773912844e+01
1.837894732987034985e+01
1.846491649001640312e+01
1.855051930129073412e+01
1.863576015641853445e+01
1.872064336944639962e+01
1.880517317741712802e+01
1.888935374201031081e+01
1.897318915114861682e+01
1.905668342057049713e+01
1.913984049536957954e+01
1.922266425150098001e+01
1.930515849725543376e+01
1.938732697470108235e+01
1.946917336109400765e+01
1.955070127025759774e+01
1.963191425393130629e+01
1.971281580308962589e+01
1.979340934923127904e+01
1.987369826563962150e+01
1.995368586861454219e+01
2.003337541867645655e+01
2.011277012174291912e+01
2.019187313027843445e+01
2.027068754441797438e+01
2.034921641306466000e+01
2.042746273496234366e+01
2.050542945974335396e+01
2.058311948895222798e+01
2.066053567704561189e+01
2.073768083236922166e+01
2.081455771811198474e+01
2.089116905323826501e+01
2.096751751339824565e+01
2.104360573181741501e+01
2.111943630016515527e+01
2.119501176940344678e+01
2.127033465061552775e+01
2.134540741581561107e+01
2.142023249873968282e+01
2.149481229561785156e+01
2.156914916592902998e+01
2.164324543313783167e+01
2.171710338541466712e+01
2.179072527633896783e+01
2.186411332558635934e+01
2.193726971959973326e+01
2.201019661224503920e+01
2.208289612545187808e+01
2.215537034983939790e+01
2.222762134532778688e+01
2.229965114173571905e+01
2.237146173936427473e+01
2.244305510956723637e+01
2.251443319530870468e+01
2.258559791170774744e+01
2.265655114657080915e+01
2.272729476091200951e+01
2.279783058946169305e+01
2.286816044116347157e+01
2.293828609965997956e+01
2.300820932376796790e+01
2.307793184794234520e+01
2.314745538273023939e+01
2.321678161521463579e+01
2.328591220944825579e+01
2.335484880687777576e+01
2.342359302675863830e+01
2.349214646656072247e+01
2.356051070236497580e+01
2.362868728925149142e+01
2.369667776167889173e+01
2.376448363385557627e+01
2.383210640010275938e+01
2.389954753520961717e+01
2.396680849478086728e+01
2.403389071557664991e+01
2.410079561584516483e+01
2.416752459564822786e+01
2.423407903717970058e+01
2.430046030507720900e+01
2.436666974672723285e+01
2.443270869256361877e+01
2.449857845635992604e+01
2.456428033551537382e+01
2.462981561133500108e+01
2.469518554930389342e+01
2.476039139935542721e+01
2.482543439613431957e+01
2.489031575925389816e+01
2.495503669354818754e+01
2.501959838931874813e+01
2.508400202257638512e+01
2.514824875527798653e+01
2.521233973555849062e+01
2.527627609795803210e+01
2.534005896364458010e+01
2.540368944063207834e+01
2.546716862399400227e+01
2.553049759607282709e+01
2.559367742668522183e+01
2.565670917332304057e+01
2.571959388135048030e+01
2.578233258419717799e+01
2.584492630354752407e+01
2.590737604952630591e+01
2.596968282088062452e+01
2.603184760515821949e+01
2.609387137888244368e+01
2.615575510772366030e+01
2.621749974666744620e+01
2.627910624017945551e+01
2.634057552236717470e+01
2.640190851713854414e+01
2.646310613835742842e+01
2.652416928999635815e+01
2.658509886628616314e+01
2.664589575186282744e+01
2.670656082191160152e+01
2.676709494230835773e+01
2.682749896975835213e+01
2.688777375193230057e+01
2.694792012759995714e+01
2.700793892676131591e+01
2.706783097077519074e+01
2.712759707248557817e+01
2.718723803634555836e+01
2.724675465853914247e+01
2.730614772710061544e+01
2.736541802203194251e+01
2.742456631541789847e+01
2.748359337153917181e+01
2.754249994698348303e+01
2.760128679075452851e+01
2.765995464437922280e+01
2.771850424201281271e+01
2.777693631054226131e+01
2.783525156968766368e+01
2.789345073210207815e+01
2.795153450346933610e+01
2.800950358260040929e+01
2.806735866152783743e+01
2.812510042559870271e+01
2.818272955356590614e+01
2.824024671767782380e+01
2.829765258376656689e+01
2.835494781133446551e+01
2.841213305363939767e+01
2.846920895777837757e+01
2.852617616476986129e+01
2.858303530963464567e+01
2.863978702147530342e+01
2.869643192355448136e+01
2.875297063337163195e+01
2.880940376273868964e+01
2.886573191785424086e+01
2.892195569937675970e+01
2.897807570249634068e+01
2.903409251700540494e+01
2.909000672736822679e+01
2.914581891278927017e+01
2.920152964728049483e+01
2.925713949972735861e+01
2.931264903395406662e+01
2.936805880878748809e+01
2.942336937812012110e+01
2.947858129097211588e+01
2.953369509155223938e+01
2.958871131931782017e+01
2.964363050903386210e+01
2.969845319083107427e+01
2.975317989026307686e+01
2.980781112836270097e+01
2.986234742169734346e+01
2.991678928242349400e+01
2.997113721834039524e+01
3.002539173294291786e+01
3.007955332547347638e+01
3.013362249097330903e+01
3.018759972033286942e+01
3.024148550034138339e+01
3.029528031373589769e+01
3.034898463924918133e+01
3.040259895165727855e+01
3.045612372182605299e+01
3.050955941675727345e+01
3.056290649963377248e+01
3.061616542986404355e+01
3.066933666312623785e+01
3.072242065141132272e+01
3.077541784306566797e+01
3.082832868283314909e+01
3.088115361189634456e+01
3.093389306791739912e+01
3.098654748507809131e+01
3.103911729411936093e+01
3.109160292238036405e+01
3.114400479383678899e+01
3.119632332913872119e+01
3.124855894564791114e+01
3.130071205747456631e+01
3.135278307551353905e+01
3.140477240748003140e+01
3.145668045794473144e+01
3.150850762836856589e+01
3.156025431713686302e+01
